1 9 398.27224717861367
1 10 506.8919509545993
1 11 615.5116547305848
1 12 724.1313585065705
1 13 724.1313585065705
1 14 615.5116547305848
1 15 506.8919509545993
1 16 398.27224717861367
1 17 289.6525434026281
1 18 181.03283962664253

2 9 418.6947068666858
2 10 532.884172375782
2 11 647.0736378848782
2 12 761.2631033939743
2 13 761.2631033939743
2 14 647.0736378848782
2 15 532.884172375782
2 16 418.6947068666858
2 17 304.5052413575896
2 18 190.3157758484935

3 9 441.22139006391
3 10 561.5544964449765
3 11 681.8876028260429
3 12 802.2207092071093
3 13 802.2207092071093
3 14 681.8876028260429
3 15 561.5544964449765
3 16 441.22139006391
3 17 320.8882836828436
3 18 200.55517730177723

4 9 463.4132699106733
4 10 589.7987071590388
4 11 716.1841444074043
4 12 842.5695816557698
4 13 842.5695816557698
4 14 716.1841444074043
4 15 589.7987071590388
4 16 463.4132699106733
4 17 337.02783266230784
4 18 210.64239541394238

5 9 485.10604549284585
5 10 617.4076942636221
5 11 749.7093430343982
5 12 882.0109918051744
5 13 882.0109918051744
5 14 749.7093430343982
5 15 617.4076942636221
5 16 485.10604549284585
5 17 352.80439672206967
5 18 220.50274795129351

6 9 506.1391110896515
6 10 644.1770504777385
6 11 782.2149898658253
6 12 920.252929253912
6 13 920.252929253912
6 14 782.2149898658253
6 15 644.1770504777385
6 16 506.1391110896515
6 17 368.10117170156474
6 18 230.06323231347793

7 9 526.3567452422338
7 10 669.9085848537524
7 11 813.4604244652706
7 12 957.012264076789
7 13 957.012264076789
7 14 813.4604244652706
7 15 669.9085848537524
7 16 526.3567452422338
7 17 382.8049056307155
7 18 239.25306601919718

8 9 545.6092636608549
8 10 694.4117901138154
8 11 843.2143165667759
8 12 992.0168430197364
8 13 992.0168430197364
8 14 843.2143165667759
8 15 694.4117901138154
8 16 545.6092636608549
8 17 396.80673720789446
8 18 248.004210754934

9 9 563.7541274350067
9 10 717.5052530990996
9 11 871.2563787631924
9 12 1025.007504427285
9 13 1025.007504427285
9 14 871.2563787631924
9 15 717.5052530990996
9 16 563.7541274350067
9 17 410.00300177091395
9 18 256.2518761068212

10 9 580.6569983416348
10 10 739.0179978893534
10 11 897.378997437072
10 12 1055.7399969847907
10 13 1055.7399969847907
10 14 897.378997437072
10 15 739.0179978893534
10 16 580.6569983416348
10 17 422.29599879391617
10 18 263.93499924619755

11 9 596.1927334383404
11 10 758.7907516487969
11 11 921.3887698592534
11 12 1083.98678806971
11 13 1083.98678806971
11 14 921.3887698592534
11 15 758.7907516487969
11 16 596.1927334383404
11 17 433.59471522788385
11 18 270.9966970174274

12 9 610.2463115779432
12 10 776.6771238264732
12 11 943.1079360750033
12 12 1109.5387483235331
12 13 1109.5387483235331
12 14 943.1079360750033
12 15 776.6771238264732
12 16 610.2463115779432
12 17 443.81549932941317
12 18 277.3846870808832

13 9 622.7136849848118
13 10 792.5446899806698
13 11 962.3756949765276
13 12 1132.2066999723854
13 13 1132.2066999723854
13 14 962.3756949765276
13 15 792.5446899806698
13 16 622.7136849848118
13 17 452.88267998895407
13 18 283.05167499309624

14 9 633.5025495881921
14 10 806.2759722031537
14 11 979.0493948181153
14 12 1151.8228174330768
14 13 1151.8228174330768
14 14 979.0493948181153
14 15 806.2759722031537
14 16 633.5025495881921
14 17 460.7291269732306
14 18 287.9557043582691

15 9 642.5330284092521
15 10 817.7693088845028
15 11 993.0055893597535
15 12 1168.241869835004
15 13 1168.241869835004
15 14 993.0055893597535
15 15 817.7693088845028
15 16 642.5330284092521
15 17 467.29674793400153
15 18 292.0604674587509

16 9 649.7382629422873
16 10 826.939607381093
16 11 1004.1409518198986
16 12 1181.3422962587042
16 13 1181.3422962587042
16 14 1004.1409518198986
16 15 826.939607381093
16 16 649.7382629422873
16 17 472.5369185034816
16 18 295.33557406467594

17 9 655.0649081517047
17 10 833.7189740112607
17 11 1012.3730398708166
17 12 1191.0271057303723
17 13 1191.0271057303723
17 14 1012.3730398708166
17 15 833.7189740112607
17 16 655.0649081517047
17 17 476.41084229214886
17 18 297.75677643259297

18 9 658.4735274200032
18 10 838.0572167163679
18 11 1017.6409060127323
18 12 1197.224595309097
18 13 1197.224595309097
18 14 1017.6409060127323
18 15 838.0572167163679
18 16 658.4735274200032
18 17 478.88983812363864
18 18 299.3061488272741

19 9 659.9388845226911
19 10 839.9222166652434
19 11 1019.9055488077955
19 12 1199.8888809503476
19 13 1199.8888809503476
19 14 1019.9055488077955
19 15 839.9222166652434
19 16 659.9388845226911
19 17 479.95555238013895
19 18 299.9722202375868

20 9 659.4501304684634
20 10 839.3001660507717
20 11 1019.15020163308
20 12 1199.0002372153883
20 13 1199.0002372153883
20 14 1019.15020163308
20 15 839.3001660507717
20 16 659.4501304684634
20 17 479.6000948861552
20 18 299.75005930384697

21 9 657.0108838213378
21 10 836.1956703180664
21 11 1015.3804568147949
21 12 1194.5652433115233
21 13 1194.5652433115233
21 14 1015.3804568147949
21 15 836.1956703180664
21 16 657.0108838213378
21 17 477.82609732460924
21 18 298.6413108278807

22 9 652.6392039100721
22 10 830.6317140673646
22 11 1008.6242242246569
22 12 1186.6167343819493
22 13 1186.6167343819493
22 14 1008.6242242246569
22 15 830.6317140673646
22 16 652.6392039100721
22 17 474.64669375277964
22 18 296.6541835954872

23 9 646.3674571232132
23 10 822.6494908840897
23 11 998.931524644966
23 12 1175.2135584058424
23 13 1175.2135584058424
23 14 998.931524644966
23 15 822.6494908840897
23 16 646.3674571232132
23 17 470.0854233623368
23 18 293.8033896014605

24 9 638.2420772796798
24 10 812.3080983559563
24 11 986.3741194322326
24 12 1160.440140508509
24 13 1160.440140508509
24 14 986.3741194322326
24 15 812.3080983559563
24 16 638.2420772796798
24 17 464.1760562034035
24 18 290.11003512712716

25 9 628.3232218490133
25 10 799.684100535108
25 11 971.0449792212027
25 12 1142.405857907297
25 13 1142.405857907297
25 14 971.0449792212027
25 15 799.684100535108
25 16 628.3232218490133
25 17 456.9623431629188
25 18 285.60146447682416

26 9 616.6843265665201
26 10 784.8709610846621
26 11 953.057595602804
26 12 1121.2442301209458
26 13 1121.2442301209458
26 14 953.057595602804
26 15 784.8709610846621
26 16 616.6843265665201
26 17 448.4976920483782
26 18 280.3110575302363

27 9 603.4115617407806
27 10 767.9783513064481
27 11 932.5451408721156
27 12 1097.111930437783
27 13 1097.111930437783
27 14 932.5451408721156
27 15 767.9783513064481
27 16 603.4115617407806
27 17 438.8447721751131
27 18 274.27798260944564

28 9 588.6031942788326
28 10 749.1313381730598
28 11 909.659482067287
28 12 1070.187625961514
28 13 1070.187625961514
28 14 909.659482067287
28 15 749.1313381730598
28 16 588.6031942788326
28 17 428.0750503846055
28 18 267.54690649037843

29 9 572.3688601523728
29 10 728.4694583757473
29 11 884.5700565991217
29 12 1040.670654822496
29 13 1040.670654822496
29 14 884.5700565991217
29 15 728.4694583757473
29 16 572.3688601523728
29 17 416.26826192899836
29 18 260.1676637056239

30 9 554.8287526913796
30 10 706.145685243574
30 11 857.4626177957686
30 12 1008.779550347963
30 13 1008.779550347963
30 14 857.4626177957686
30 15 706.145685243574
30 16 554.8287526913796
30 17 403.5118201391851
30 18 252.19488758699063

31 9 536.1127327147503
31 10 682.3252961824097
31 11 828.537859650069
31 12 974.7504231177281
31 13 974.7504231177281
31 14 828.537859650069
31 15 682.3252961824097
31 16 536.1127327147503
31 17 389.9001692470912
31 18 243.68760577943195

32 9 516.359367086233
32 10 657.1846490188422
32 11 798.0099309514512
32 12 938.8352128840602
32 13 938.8352128840602
32 14 798.0099309514512
32 15 657.1846490188422
32 16 516.359367086233
32 17 375.534085153624
32 18 234.70880322101496

33 9 495.71490281384666
33 10 630.9098763085323
33 11 766.1048498032177
33 12 901.2998232979031
33 13 901.2998232979031
33 14 766.1048498032177
33 15 630.9098763085323
33 16 495.71490281384666
33 17 360.5199293191612
33 18 225.3249558244757

34 9 474.33218428820135
34 10 603.6955072758927
34 11 733.058830263584
34 12 862.4221532512753
34 13 862.4221532512753
34 14 733.058830263584
34 15 603.6955072758927
34 16 474.33218428820135
34 17 344.96886130051
34 18 215.60553831281874

35 9 452.3695216761061
35 10 575.7430275877715
35 11 699.1165334994369
35 12 822.4900394111022
35 13 822.4900394111022
35 14 699.1165334994369
35 15 575.7430275877715
35 16 452.3695216761061
35 17 328.9960157644408
35 18 205.62250985277547

36 9 429.98951884748124
36 10 547.2593876240671
36 11 664.529256400653
36 12 781.7991251772388
36 13 781.7991251772388
36 14 664.529256400653
36 15 547.2593876240671
36 16 429.98951884748124
36 17 312.71965007089545
36 18 195.44978129430962

37 9 407.357869513196
37 10 518.4554702895223
37 11 629.5530710658485
37 12 740.6506718421747
37 13 740.6506718421747
37 14 629.5530710658485
37 15 518.4554702895223
37 16 407.357869513196
37 17 296.2602687368698
37 18 185.16266796054362

