1 9 398.27224717861367
1 10 506.8919509545993
1 11 615.5116547305848
1 12 724.1313585065705
1 13 724.1313585065705
1 14 615.5116547305848
1 15 506.8919509545993
1 16 398.27224717861367
1 17 289.6525434026281
1 18 181.03283962664253

2 9 400.54432602514026
2 10 509.7836876683604
2 11 619.0230493115805
2 12 728.2624109548005
2 13 728.2624109548005
2 14 619.0230493115805
2 15 509.7836876683604
2 16 400.54432602514026
2 17 291.3049643819202
2 18 182.06560273870008

3 9 402.816068219963
3 10 512.6749959163166
3 11 622.5339236126702
3 12 732.3928513090237
3 13 732.3928513090237
3 14 622.5339236126702
3 15 512.6749959163166
3 16 402.816068219963
3 17 292.9571405236094
3 18 183.09821282725585

4 9 405.0873054684048
4 10 515.5656615052426
4 11 626.0440175420803
4 12 736.522373578918
4 13 736.522373578918
4 14 626.0440175420803
4 15 515.5656615052426
4 16 405.0873054684048
4 17 294.6089494315671
4 18 184.13059339472943

5 9 407.35786951319596
5 10 518.4554702895222
5 11 629.5530710658484
5 12 740.6506718421746
5 13 740.6506718421746
5 14 629.5530710658484
5 15 518.4554702895222
5 16 407.35786951319596
5 17 296.26026873686976
5 18 185.1626679605436

6 9 409.6275921469389
6 10 521.3442081870132
6 11 633.0608242270876
6 12 744.7774402671619
6 13 744.7774402671619
6 14 633.0608242270876
6 15 521.3442081870132
6 16 409.6275921469389
6 17 297.91097610686467
6 18 186.19436006679038

7 9 411.89630522456923
7 10 524.2316611949065
7 11 636.5670171652434
7 12 748.9023731355805
7 13 748.9023731355805
7 14 636.5670171652434
7 15 524.2316611949065
7 16 411.89630522456923
7 17 299.5609492542322
7 18 187.22559328389508

8 9 414.16384067581237
8 10 527.1176154055795
8 11 640.0713901353465
8 12 753.0251648651135
8 13 753.0251648651135
8 14 640.0713901353465
8 15 527.1176154055795
8 16 414.16384067581237
8 17 301.21006594604535
8 18 188.2562912162783

9 9 416.4300305176342
9 10 530.0018570224436
9 11 643.5736835272529
9 12 757.1455100320622
9 13 757.1455100320622
9 14 643.5736835272529
9 15 530.0018570224436
9 16 416.4300305176342
9 17 302.85820401282484
9 18 189.28637750801548

10 9 418.6947068666858
10 10 532.884172375782
10 11 647.0736378848782
10 12 761.2631033939743
10 13 761.2631033939743
10 14 647.0736378848782
10 15 532.884172375782
10 16 418.6947068666858
10 17 304.5052413575896
10 18 190.3157758484935

11 9 420.9577019517405
11 10 535.7643479385789
11 11 650.5709939254173
11 12 765.3776399122556
11 13 765.3776399122556
11 14 650.5709939254173
11 15 535.7643479385789
11 16 420.9577019517405
11 17 306.1510559649022
11 18 191.34440997806382

12 9 423.21884812612274
12 10 538.6421703423381
12 11 654.0654925585535
12 12 769.4888147747688
12 13 769.4888147747688
12 14 654.0654925585535
12 15 538.6421703423381
12 16 423.21884812612274
12 17 307.79552590990744
12 18 192.37220369369211

13 9 425.47797788012724
13 10 541.5174263928893
13 11 657.5568749056513
13 12 773.5963234184132
13 13 773.5963234184132
13 14 657.5568749056513
13 15 541.5174263928893
13 16 425.47797788012724
13 17 309.4385293673652
13 18 193.39908085460326

14 9 427.73492385342905
14 10 544.3899030861826
14 11 661.044882318936
14 12 777.6998615516893
14 13 777.6998615516893
14 14 661.044882318936
14 15 544.3899030861826
14 16 427.73492385342905
14 17 311.07994462067563
14 18 194.42496538792227

15 9 429.98951884748124
15 10 547.2593876240671
15 11 664.529256400653
15 12 781.7991251772388
15 13 781.7991251772388
15 14 664.529256400653
15 15 547.2593876240671
15 16 429.98951884748124
15 17 312.71965007089545
15 18 195.44978129430962

16 9 432.24159583790185
16 10 550.125667430057
16 11 668.009739022212
16 12 785.8938106143671
16 13 785.8938106143671
16 14 668.009739022212
16 15 550.125667430057
16 16 432.24159583790185
16 17 314.3575242457468
16 18 196.4734526535917

17 9 434.4909879868468
17 10 552.9885301650778
17 11 671.4860723433088
17 12 789.9836145215398
17 13 789.9836145215398
17 14 671.4860723433088
17 15 552.9885301650778
17 16 434.4909879868468
17 17 315.99344580861583
17 18 197.49590363038487

18 9 436.73752865537017
18 10 555.8477637431985
18 11 674.9579988310267
18 12 794.068233918855
18 13 794.068233918855
18 14 674.9579988310267
18 15 555.8477637431985
18 16 436.73752865537017
18 17 317.6272935675419
18 18 198.51705847971365

19 9 438.9810514157683
19 10 558.7031563473416
19 11 678.4252612789148
19 12 798.147366210488
19 13 798.147366210488
19 14 678.4252612789148
19 15 558.7031563473416
19 16 438.9810514157683
19 17 319.2589464841951
19 18 199.53684155262192

20 9 441.22139006391
20 10 561.5544964449765
20 11 681.8876028260429
20 12 802.2207092071093
20 13 802.2207092071093
20 14 681.8876028260429
20 15 561.5544964449765
20 16 441.22139006391
20 17 320.8882836828436
20 18 200.55517730177723

21 9 443.45837863154827
21 10 564.4015728037888
21 11 685.3447669760293
21 12 806.2879611482698
21 13 806.2879611482698
21 14 685.3447669760293
21 15 564.4015728037888
21 16 443.45837863154827
21 17 322.5151844593078
21 18 201.57199028706736

22 9 445.69185139861634
22 10 567.2441745073301
22 11 688.7964976160436
22 12 810.3488207247572
22 13 810.3488207247572
22 14 688.7964976160436
22 15 567.2441745073301
22 16 445.69185139861634
22 17 324.1395282899028
22 18 202.5872051811892

23 9 447.92164290550403
23 10 570.0820909706416
23 11 692.2425390357791
23 12 814.4029871009166
23 13 814.4029871009166
23 14 692.2425390357791
23 15 570.0820909706416
23 16 447.92164290550403
23 17 325.76119484036656
23 18 203.60074677522908

24 9 450.1475879653154
24 10 572.915111955856
24 11 695.6826359463965
24 12 818.4501599369371
24 13 818.4501599369371
24 14 695.6826359463965
24 15 572.915111955856
24 16 450.1475879653154
24 17 327.38006397477477
24 18 204.61253998423422

25 9 452.36952167610605
25 10 575.7430275877714
25 11 699.1165334994367
25 12 822.4900394111021
25 13 822.4900394111021
25 14 699.1165334994367
25 15 575.7430275877714
25 16 452.36952167610605
25 17 328.99601576444076
25 18 205.62250985277544

26 9 454.5872794330996
26 10 578.5656283693995
26 11 702.5439773056995
26 12 826.5223262419994
26 13 826.5223262419994
26 14 702.5439773056995
26 15 578.5656283693995
26 16 454.5872794330996
26 17 330.6089304967997
26 18 206.63058156049976

27 9 456.80069694088155
27 10 581.3827051974857
27 11 705.9647134540897
27 12 830.5467217106939
27 13 830.5467217106939
27 14 705.9647134540897
27 15 581.3827051974857
27 16 456.80069694088155
27 17 332.2186886842775
27 18 207.63668042767338

28 9 459.0096102255707
28 10 584.1940493779992
28 11 709.3784885304276
28 12 834.5629276828561
28 13 834.5629276828561
28 14 709.3784885304276
28 15 584.1940493779992
28 16 459.0096102255707
28 17 333.8251710731423
28 18 208.64073192071393

29 9 461.21385564696686
29 10 586.9994526415943
29 11 712.7850496362216
29 12 838.5706466308491
29 13 838.5706466308491
29 14 712.7850496362216
29 15 586.9994526415943
29 16 461.21385564696686
29 17 335.42825865233954
29 18 209.64266165771218

30 9 463.4132699106733
30 10 589.7987071590388
30 11 716.1841444074043
30 12 842.5695816557698
30 13 842.5695816557698
30 14 716.1841444074043
30 15 589.7987071590388
30 16 463.4132699106733
30 17 337.02783266230784
30 18 210.64239541394238

31 9 465.6076900801938
31 10 592.5916055566104
31 11 719.5755210330269
31 12 846.5594365094435
31 13 846.5594365094435
31 14 719.5755210330269
31 15 592.5916055566104
31 16 465.6076900801938
31 17 338.6237746037773
31 18 211.63985912736078

32 9 467.79695358900375
32 10 595.3779409314594
32 11 722.958928273915
32 12 850.5399156163705
32 13 850.5399156163705
32 14 722.958928273915
32 15 595.3779409314594
32 16 467.79695358900375
32 17 340.21596624654813
32 18 212.63497890409255

33 9 469.98089825259297
33 10 598.1575068669366
33 11 726.3341154812802
33 12 854.5107240956237
33 13 854.5107240956237
33 14 726.3341154812802
33 15 598.1575068669366
33 16 469.98089825259297
33 17 341.80428963824943
33 18 213.62768102390586

34 9 472.1593622804807
34 10 600.9300974478846
34 11 729.7008326152885
34 12 858.4715677826923
34 13 858.4715677826923
34 14 729.7008326152885
34 15 600.9300974478846
34 16 472.1593622804807
34 17 343.38862711307684
34 18 214.617891945673

35 9 474.33218428820135
35 10 603.6955072758927
35 11 733.058830263584
35 12 862.4221532512753
35 13 862.4221532512753
35 14 733.058830263584
35 15 603.6955072758927
35 16 474.33218428820135
35 17 344.96886130051
35 18 215.60553831281874

36 9 476.4992033092602
36 10 606.4535314845131
36 11 736.4078596597659
36 12 866.3621878350187
36 13 866.3621878350187
36 14 736.4078596597659
36 15 606.4535314845131
36 16 476.4992033092602
36 17 346.5448751340074
36 18 216.5905469587546

37 9 478.6602588070581
37 10 609.2039657544376
37 11 739.7476727018171
37 12 870.2913796491966
37 13 870.2913796491966
37 14 739.7476727018171
37 15 609.2039657544376
37 16 478.6602588070581
37 17 348.11655185967857
37 18 217.57284491229908

38 9 480.8151906867841
38 10 611.9466063286344
38 11 743.0780219704847
38 12 874.2094376123349
38 13 874.2094376123349
38 14 743.0780219704847
38 15 611.9466063286344
38 16 480.8151906867841
38 17 349.68377504493384
38 18 218.55235940308364

39 9 482.96383930727586
39 10 614.6812500274422
39 11 746.3986607476083
39 12 878.1160714677745
39 13 878.1160714677745
39 14 746.3986607476083
39 15 614.6812500274422
39 16 482.96383930727586
39 17 351.24642858710973
39 18 219.52901786694355

40 9 485.10604549284585
40 10 617.4076942636221
40 11 749.7093430343982
40 12 882.0109918051744
40 13 882.0109918051744
40 14 749.7093430343982
40 15 617.4076942636221
40 16 485.10604549284585
40 17 352.80439672206967
40 18 220.50274795129351

41 9 487.2416505450735
41 10 620.1257370573663
41 11 753.0098235696591
41 12 885.893910081952
41 13 885.893910081952
41 14 753.0098235696591
41 15 620.1257370573663
41 16 487.2416505450735
41 17 354.3575640327807
41 18 221.4734775204879

42 9 489.370496254562
42 10 622.8351770512608
42 11 756.2998578479595
42 12 889.7645386446583
42 13 889.7645386446583
42 14 756.2998578479595
42 15 622.8351770512608
42 16 489.370496254562
42 17 355.90581545786324
42 18 222.44113466116448

43 9 491.4924249126585
43 10 625.5358135252019
43 11 759.5792021377451
43 12 893.6225907502883
43 13 893.6225907502883
43 14 759.5792021377451
43 15 625.5358135252019
43 16 491.4924249126585
43 17 357.44903630011527
43 18 223.405647687572

44 9 493.6072793231376
44 10 628.2274464112661
44 11 762.8476134993946
44 12 897.4677805875231
44 13 897.4677805875231
44 14 762.8476134993946
44 15 628.2274464112661
44 16 493.6072793231376
44 17 358.98711223500914
44 18 224.36694514688068

45 9 495.7149028138466
45 10 630.9098763085321
45 11 766.1048498032176
45 12 901.299823297903
45 13 901.299823297903
45 14 766.1048498032176
45 15 630.9098763085321
45 16 495.7149028138466
45 17 360.5199293191611
45 18 225.32495582447567

46 9 497.81513924831216
46 10 633.5829044978519
46 11 769.3506697473916
46 12 905.1184349969313
46 13 905.1184349969313
46 14 769.3506697473916
46 15 633.5829044978519
46 16 497.81513924831216
46 17 362.04737399877246
46 18 226.27960874923275

47 9 499.9078330373071
47 10 636.2463329565728
47 11 772.5848328758384
47 12 908.923332795104
47 13 908.923332795104
47 14 772.5848328758384
47 15 636.2463329565728
47 16 499.9078330373071
47 17 363.5693331180415
47 18 227.2308331987759

48 9 501.9928291503768
48 10 638.8999643732069
48 11 775.807099596037
48 12 912.714234818867
48 13 912.714234818867
48 14 775.807099596037
48 15 638.8999643732069
48 16 501.9928291503768
48 17 365.08569392754674
48 18 228.17855870471666

49 9 504.069973127324
49 10 641.5436021620488
49 11 779.0172311967735
49 12 916.4908602314982
49 13 916.4908602314982
49 14 779.0172311967735
49 15 641.5436021620488
49 16 504.069973127324
49 17 366.5963440925992
49 18 229.12271505787447

50 9 506.1391110896515
50 10 644.1770504777385
50 11 782.2149898658253
50 12 920.252929253912
50 13 920.252929253912
50 14 782.2149898658253
50 15 644.1770504777385
50 16 506.1391110896515
50 17 368.10117170156474
50 18 230.06323231347793

51 9 508.20008975196214
51 10 646.8001142297701
51 11 785.400138707578
51 12 924.0001631853859
51 13 924.0001631853859
51 14 785.400138707578
51 15 646.8001142297701
51 16 508.20008975196214
51 17 369.60006527415425
51 18 231.00004079634638

52 9 510.2527564333137
52 10 649.4125990969449
52 11 788.5724417605759
52 12 927.7322844242069
52 13 927.7322844242069
52 14 788.5724417605759
52 15 649.4125990969449
52 16 510.2527564333137
52 17 371.0929137696827
52 18 231.93307110605164

53 9 512.2969590685306
53 10 652.0143115417662
53 11 791.7316640150019
53 12 931.4490164882375
53 13 931.4490164882375
53 14 791.7316640150019
53 15 652.0143115417662
53 16 512.2969590685306
53 17 372.57960659529493
53 18 232.86225412205928

54 9 514.3325462194683
54 10 654.605058824778
54 11 794.8775714300875
54 12 935.1500840353971
54 13 935.1500840353971
54 14 794.8775714300875
54 15 654.605058824778
54 16 514.3325462194683
54 17 374.0600336141587
54 18 233.78752100884918

55 9 516.359367086233
55 10 657.1846490188422
55 11 798.0099309514512
55 12 938.8352128840602
55 13 938.8352128840602
55 14 798.0099309514512
55 15 657.1846490188422
55 16 516.359367086233
55 17 375.534085153624
55 18 234.70880322101496

56 9 518.3772715183525
56 10 659.7528910233578
56 11 801.1285105283631
56 12 942.5041300333684
56 13 942.5041300333684
56 14 801.1285105283631
56 15 659.7528910233578
56 16 518.3772715183525
56 17 377.00165201334727
56 18 235.626032508342

57 9 520.3861100258999
57 10 662.3095945784182
57 11 804.2330791309365
57 12 946.1565636834547
57 13 946.1565636834547
57 14 804.2330791309365
57 15 662.3095945784182
57 16 520.3861100258999
57 17 378.46262547338176
57 18 236.5391409208636

58 9 522.385733790568
58 10 664.8545702789049
58 11 807.3234067672416
58 12 949.7922432555785
58 13 949.7922432555785
58 14 807.3234067672416
58 15 664.8545702789049
58 16 522.385733790568
58 17 379.9168973022313
58 18 237.4480608138945

59 9 524.3759946766941
59 10 667.3876295885199
59 11 810.3992645003455
59 12 953.4108994121711
59 13 953.4108994121711
59 14 810.3992645003455
59 15 667.3876295885199
59 16 524.3759946766941
59 17 381.36435976486837
59 18 238.3527248530427

60 9 526.3567452422338
60 10 669.9085848537524
60 11 813.4604244652706
60 12 957.012264076789
60 13 957.012264076789
60 14 813.4604244652706
60 15 669.9085848537524
60 16 526.3567452422338
60 17 382.8049056307155
60 18 239.25306601919718

61 9 528.3278387496846
61 10 672.4172493177806
61 11 816.5066598858764
61 12 960.5960704539722
61 13 960.5960704539722
61 14 816.5066598858764
61 15 672.4172493177806
61 16 528.3278387496846
61 17 384.2384281815888
61 18 240.14901761349296

62 9 530.2891291769555
62 10 674.9134371343071
62 11 819.5377450916586
62 12 964.1620530490102
62 13 964.1620530490102
62 14 819.5377450916586
62 15 674.9134371343071
62 16 530.2891291769555
62 17 385.66482121960394
62 18 241.04051326225243

63 9 532.240471228185
63 10 677.3969633813265
63 11 822.5534555344678
63 12 967.7099476876092
63 13 967.7099476876092
63 14 822.5534555344678
63 15 677.3969633813265
63 16 532.240471228185
63 17 387.0839790750436
63 18 241.92748692190222

64 9 534.1817203445052
64 10 679.8676440748249
64 11 825.5535678051444
64 12 971.239491535464
64 13 971.239491535464
64 14 825.5535678051444
64 15 679.8676440748249
64 16 534.1817203445052
64 17 388.49579661418556
64 18 242.80987288386592

65 9 536.1127327147503
65 10 682.3252961824096
65 11 828.5378596500689
65 12 974.750423117728
65 13 974.750423117728
65 14 828.5378596500689
65 15 682.3252961824096
65 16 536.1127327147503
65 17 389.9001692470911
65 18 243.68760577943192

66 9 538.033365286111
66 10 684.7697376368686
66 11 831.5061099876262
66 12 978.2424823383839
66 13 978.2424823383839
66 14 831.5061099876262
66 15 684.7697376368686
66 16 538.033365286111
66 17 391.29699293535344
66 18 244.56062058459585

67 9 539.9434757747317
67 10 687.2007873496586
67 11 834.4580989245856
67 12 981.7154104995124
67 13 981.7154104995124
67 14 834.4580989245856
67 15 687.2007873496586
67 16 539.9434757747317
67 17 392.68616419980486
67 18 245.428852624878

68 9 541.8429226762514
68 10 689.6182652243202
68 11 837.3936077723888
68 12 985.1689503204574
68 13 985.1689503204574
68 14 837.3936077723888
68 15 689.6182652243202
68 16 541.8429226762514
68 17 394.06758012818284
68 18 246.29223758011426

69 9 543.7315652762866
69 10 692.0219921698193
69 11 840.3124190633521
69 12 988.6028459568848
69 13 988.6028459568848
69 14 840.3124190633521
69 15 692.0219921698193
69 16 543.7315652762866
69 17 395.4411383827538
69 18 247.1507114892211

70 9 545.6092636608549
70 10 694.4117901138154
70 11 843.2143165667759
70 12 992.0168430197364
70 13 992.0168430197364
70 14 843.2143165667759
70 15 694.4117901138154
70 16 545.6092636608549
70 17 396.80673720789446
70 18 248.004210754934

71 9 547.4758787267416
71 10 696.7874820158531
71 11 846.0990853049644
71 12 995.4106885940759
71 13 995.4106885940759
71 14 846.0990853049644
71 15 696.7874820158531
71 16 547.4758787267416
71 17 398.16427543763024
71 18 248.85267214851888

72 9 549.3312721918034
72 10 699.1488918804771
72 11 848.9665115691507
72 12 998.7841312578245
72 13 998.7841312578245
72 14 848.9665115691507
72 15 699.1488918804771
72 16 549.3312721918034
72 17 399.51365250312966
72 18 249.696032814456

73 9 551.1753066052128
73 10 701.495844770271
73 11 851.816382935329
73 12 1002.1369211003871
73 13 1002.1369211003871
73 14 851.816382935329
73 15 701.495844770271
73 16 551.1753066052128
73 17 400.8547684401547
73 18 250.53423027509666

74 9 553.0078453576415
74 10 703.8281668188165
74 11 854.6484882799914
74 12 1005.4688097411664
74 13 1005.4688097411664
74 14 854.6484882799914
74 15 703.8281668188165
74 16 553.0078453576415
74 17 402.1875238964665
74 18 251.36720243529152

75 9 554.8287526913795
75 10 706.145685243574
75 11 857.4626177957684
75 12 1008.7795503479628
75 13 1008.7795503479628
75 14 857.4626177957684
75 15 706.145685243574
75 16 554.8287526913795
75 17 403.51182013918503
75 18 252.1948875869906

76 9 556.6378937103932
76 10 708.4482283586824
76 11 860.2585630069714
76 12 1012.0688976552605
76 13 1012.0688976552605
76 14 860.2585630069714
76 15 708.4482283586824
76 16 556.6378937103932
76 17 404.8275590621041
76 18 253.01722441381503

77 9 558.4351343903185
77 10 710.7356255876781
77 11 863.0361167850377
77 12 1015.3366079823973
77 13 1015.3366079823973
77 14 863.0361167850377
77 15 710.7356255876781
77 16 558.4351343903185
77 17 406.13464319295883
77 18 253.83415199559923

78 9 560.2203415883889
78 10 713.0077074761315
78 11 865.7950733638739
78 12 1018.5824392516164
78 13 1018.5824392516164
78 14 865.7950733638739
78 15 713.0077074761315
78 16 560.2203415883889
78 17 407.43297570064647
78 18 254.645609812904

79 9 561.9933830533001
79 10 715.2643057042003
79 11 868.5352283551003
79 12 1021.8061510060005
79 13 1021.8061510060005
79 14 868.5352283551003
79 15 715.2643057042003
79 16 561.9933830533001
79 17 408.7224604024001
79 18 255.4515377515

80 9 563.7541274350067
80 10 717.5052530990996
80 11 871.2563787631924
80 12 1025.007504427285
80 13 1025.007504427285
80 14 871.2563787631924
80 15 717.5052530990996
80 16 563.7541274350067
80 17 410.00300177091395
80 18 256.2518761068212

81 9 565.5024442944527
81 10 719.7303836474854
81 11 873.9583230005179
81 12 1028.1862623535505
81 13 1028.1862623535505
81 14 873.9583230005179
81 15 719.7303836474854
81 16 565.5024442944527
81 17 411.2745049414201
81 18 257.0465655883875

82 9 567.238204113235
82 10 721.9395325077538
82 11 876.6408609022725
82 12 1031.342189296791
82 13 1031.342189296791
82 14 876.6408609022725
82 15 721.9395325077538
82 16 567.238204113235
82 17 412.5368757187164
82 18 257.8355473241977

83 9 568.9612783031984
83 10 724.1325360222526
83 11 879.3037937413068
83 12 1034.4750514603609
83 13 1034.4750514603609
83 14 879.3037937413068
83 15 724.1325360222526
83 16 568.9612783031984
83 17 413.79002058414426
83 18 258.6187628650901

84 9 570.6715392159614
84 10 726.3092317294055
84 11 881.9469242428495
84 12 1037.5846167562936
84 13 1037.5846167562936
84 14 881.9469242428495
84 15 726.3092317294055
84 16 570.6715392159614
84 17 415.03384670251734
84 18 259.3961541890733

85 9 572.3688601523728
85 10 728.4694583757473
85 11 884.5700565991217
85 12 1040.670654822496
85 13 1040.670654822496
85 14 884.5700565991217
85 15 728.4694583757473
85 16 572.3688601523728
85 17 416.26826192899836
85 18 260.1676637056239

86 9 574.0531153718974
86 10 730.6130559278696
86 11 887.1729964838416
86 12 1043.7329370398138
86 13 1043.7329370398138
86 14 887.1729964838416
86 15 730.6130559278696
86 16 574.0531153718974
86 17 417.4931748159254
86 18 260.93323425995334

87 9 575.7241801019322
87 10 732.7398655842775
87 11 889.7555510666226
87 12 1046.7712365489679
87 13 1046.7712365489679
87 14 889.7555510666226
87 15 732.7398655842775
87 16 575.7241801019322
87 17 418.708494619587
87 18 261.69280913724185

88 9 577.381930547048
88 10 734.8497297871521
88 11 892.3175290272561
88 12 1049.7853282673602
88 13 1049.7853282673602
88 14 892.3175290272561
88 15 734.8497297871521
88 16 577.381930547048
88 17 419.91413130694394
88 18 262.44633206683994

89 9 579.0262438981619
89 10 736.9424922340244
89 11 894.8587405698867
89 12 1052.774988905749
89 13 1052.774988905749
89 14 894.8587405698867
89 15 736.9424922340244
89 16 579.0262438981619
89 17 421.1099955622995
89 18 263.19374722643715

90 9 580.6569983416348
90 10 739.0179978893534
90 11 897.378997437072
90 12 1055.7399969847907
90 13 1055.7399969847907
90 14 897.378997437072
90 15 739.0179978893534
90 16 580.6569983416348
90 17 422.29599879391617
90 18 263.93499924619755

91 9 582.2740730682948
91 10 741.0760929960117
91 11 899.8781129237285
91 12 1058.6801328514453
91 13 1058.6801328514453
91 14 899.8781129237285
91 15 741.0760929960117
91 16 582.2740730682948
91 17 423.472053140578
91 18 264.6700332128612

92 9 583.8773482823884
92 10 743.1166250866763
92 11 902.355901890964
92 12 1061.595178695252
92 13 1061.595178695252
92 14 902.355901890964
92 15 743.1166250866763
92 16 583.8773482823884
92 17 424.63807147810064
92 18 265.39879467381286

93 9 585.4667052104538
93 10 745.1394429951231
93 11 904.8121807797924
93 12 1064.4849185644616
93 13 1064.4849185644616
93 14 904.8121807797924
93 15 745.1394429951231
93 16 585.4667052104538
93 17 425.79396742578456
93 18 266.1212296411153

94 9 587.0420261101207
94 10 747.1443968674265
94 11 907.2467676247321
94 12 1067.3491383820378
94 13 1067.3491383820378
94 14 907.2467676247321
94 15 747.1443968674265
94 16 587.0420261101207
94 17 426.939655352815
94 18 266.83728459550935

95 9 588.6031942788326
95 10 749.1313381730598
95 11 909.659482067287
95 12 1070.187625961514
95 13 1070.187625961514
95 14 909.659482067287
95 15 749.1313381730598
95 16 588.6031942788326
95 17 428.0750503846055
95 18 267.54690649037843

96 9 590.150094062492
96 10 751.100119715899
96 11 912.0501453693059
96 12 1073.000171022713
96 13 1073.000171022713
96 14 912.0501453693059
96 15 751.100119715899
96 16 590.150094062492
96 17 429.2000684090851
96 18 268.2500427556781

97 9 591.6826108640292
97 10 753.0505956451282
97 11 914.4185804262271
97 12 1075.786565207326
97 13 1075.786565207326
97 14 914.4185804262271
97 15 753.0505956451282
97 16 591.6826108640292
97 17 430.3146260829303
97 18 268.9466413018314

98 9 593.2006311518904
98 10 754.9826214660426
98 11 916.7646117801945
98 12 1078.5466020943466
98 13 1078.5466020943466
98 14 916.7646117801945
98 15 754.9826214660426
98 16 593.2006311518904
98 17 431.4186408377385
98 18 269.6366505235865

99 9 594.7040424684501
99 10 756.8960540507547
99 11 919.0880656330594
99 12 1081.280077215364
99 13 1081.280077215364
99 14 919.0880656330594
99 15 756.8960540507547
99 16 594.7040424684501
99 17 432.5120308861455
99 18 270.3200193038409

100 9 596.1927334383404
100 10 758.7907516487969
100 11 921.3887698592534
100 12 1083.98678806971
100 13 1083.98678806971
100 14 921.3887698592534
100 15 758.7907516487969
100 16 596.1927334383404
100 17 433.59471522788385
100 18 270.9966970174274

101 9 597.6665937767032
101 10 760.6665738976222
101 11 923.6665540185413
101 12 1086.6665341394603
101 13 1086.6665341394603
101 14 923.6665540185413
101 15 760.6665738976222
101 16 597.6665937767032
101 17 434.66661365578403
101 18 271.666633534865

102 9 599.1255142973595
102 10 762.5233818330031
102 11 925.9212493686466
102 12 1089.3191169042902
102 13 1089.3191169042902
102 14 925.9212493686466
102 15 762.5233818330031
102 16 599.1255142973595
102 17 435.72764676171596
102 18 272.32977922607245

103 9 600.5693869208986
103 10 764.3610378993257
103 11 928.1526888777526
103 12 1091.9443398561796
103 13 1091.9443398561796
103 14 928.1526888777526
103 15 764.3610378993257
103 16 600.5693869208986
103 17 436.77773594247174
103 18 272.9860849640448

104 9 601.9981046826846
104 10 766.1794059597805
104 11 930.3607072368764
104 12 1094.5420085139722
104 13 1094.5420085139722
104 14 930.3607072368764
104 15 766.1794059597805
104 16 601.9981046826846
104 17 437.8168034055888
104 18 273.63550212849293

105 9 603.4115617407805
105 10 767.9783513064481
105 11 932.5451408721154
105 12 1097.1119304377828
105 13 1097.1119304377828
105 14 932.5451408721154
105 15 767.9783513064481
105 16 603.4115617407805
105 17 438.84477217511306
105 18 274.27798260944564

106 9 604.809653383789
106 10 769.7577406702771
106 11 934.705827956765
106 12 1099.653915243253
106 13 1099.653915243253
106 14 934.705827956765
106 15 769.7577406702771
106 16 604.809653383789
106 17 439.8615660973011
106 18 274.91347881081316

107 9 606.1922760386104
107 10 771.5174422309589
107 11 936.8426084233072
107 12 1102.1677746156556
107 13 1102.1677746156556
107 14 936.8426084233072
107 15 771.5174422309589
107 16 606.1922760386104
107 17 440.8671098462621
107 18 275.5419436539138

108 9 607.5593272781146
108 10 773.2573256266913
108 11 938.955323975268
108 12 1104.6533223238448
108 13 1104.6533223238448
108 14 938.955323975268
108 15 773.2573256266913
108 16 607.5593272781146
108 17 441.8613289295378
108 18 276.1633305809611

109 9 608.9107058287293
109 10 774.9772619638373
109 11 941.0438180989454
109 12 1107.1103742340533
109 13 1107.1103742340533
109 14 941.0438180989454
109 15 774.9772619638373
109 16 608.9107058287293
109 17 442.84414969362126
109 18 276.7775935585132

110 9 610.2463115779432
110 10 776.6771238264732
110 11 943.1079360750033
110 12 1109.5387483235331
110 13 1109.5387483235331
110 14 943.1079360750033
110 15 776.6771238264732
110 16 610.2463115779432
110 17 443.81549932941317
110 18 277.3846870808832

111 9 611.5660455817217
111 10 778.3567852858278
111 11 945.1475249899338
111 12 1111.9382646940396
111 13 1111.9382646940396
111 14 945.1475249899338
111 15 778.3567852858278
111 16 611.5660455817217
111 17 444.7753058776158
111 18 277.98456617350985

112 9 612.8698100718373
112 10 780.0161219096112
112 11 947.162433747385
112 12 1114.308745585159
112 13 1114.308745585159
112 14 947.162433747385
112 15 780.0161219096112
112 16 612.8698100718373
112 17 445.7234982340634
112 18 278.5771863962896

113 9 614.157508463112
113 10 781.6550107712336
113 11 949.1525130793551
113 12 1116.6500153874765
113 13 1116.6500153874765
113 14 949.1525130793551
113 15 781.6550107712336
113 16 614.157508463112
113 17 446.6600061549905
113 18 279.162503846869

114 9 615.4290453605732
114 10 783.2733304589115
114 11 951.1176155572497
114 12 1118.961900655588
114 13 1118.961900655588
114 14 951.1176155572497
114 15 783.2733304589115
114 16 615.4290453605732
114 17 447.584760262235
114 18 279.74047516389686

115 9 616.68432656652
115 10 784.870961084662
115 11 953.0575956028039
115 12 1121.2442301209458
115 13 1121.2442301209458
115 14 953.0575956028039
115 15 784.870961084662
115 16 616.68432656652
115 17 448.49769204837816
115 18 280.3110575302363

116 9 617.9232590875021
116 10 786.4477842931847
116 11 954.972309498867
116 12 1123.4968347045494
116 13 1123.4968347045494
116 14 954.972309498867
116 15 786.4477842931847
116 16 617.9232590875021
116 17 449.3987338818197
116 18 280.87420867613724

117 9 619.1457511412086
117 10 788.0036832706293
117 11 956.8616154000498
117 12 1125.7195475294704
117 13 1125.7195475294704
117 14 956.8616154000498
117 15 788.0036832706293
117 16 619.1457511412086
117 17 450.28781901178803
117 18 281.4298868823675

118 9 620.3517121632673
118 10 789.5385427532494
118 11 958.7253733432314
118 12 1127.9122039332135
118 13 1127.9122039332135
118 14 958.7253733432314
118 15 789.5385427532494
118 16 620.3517121632673
118 17 451.16488157328524
118 18 281.97805098330326

119 9 621.5410528139541
119 10 791.0522490359418
119 11 960.5634452579293
119 12 1130.0746414799169
119 13 1130.0746414799169
119 14 960.5634452579293
119 15 791.0522490359418
119 16 621.5410528139541
119 17 452.0298565919666
119 18 282.5186603699791

120 9 622.7136849848118
120 10 792.5446899806698
120 11 962.3756949765276
120 12 1132.2066999723854
120 13 1132.2066999723854
120 14 962.3756949765276
120 15 792.5446899806698
120 16 622.7136849848118
120 17 452.88267998895407
120 18 283.05167499309624

121 9 623.8695218051765
121 10 794.0157550247703
121 11 964.1619882443639
121 12 1134.3082214639576
121 13 1134.3082214639576
121 14 964.1619882443639
121 15 794.0157550247703
121 16 623.8695218051765
121 17 453.7232885855829
121 18 283.5770553659893

122 9 625.0084776486135
122 10 795.4653351891445
122 11 965.9221927296755
122 12 1136.3790502702066
122 13 1136.3790502702066
122 14 965.9221927296755
122 15 795.4653351891445
122 16 625.0084776486135
122 17 454.5516201080825
122 18 284.0947625675515

123 9 626.1304681392609
123 10 796.8933230863321
123 11 967.6561780334033
123 12 1138.4190329804744
123 13 1138.4190329804744
123 14 967.6561780334033
123 15 796.8933230863321
123 16 626.1304681392609
123 17 455.36761319218965
123 18 284.6047582451185

124 9 627.2354101580801
124 10 798.2996129284656
124 11 969.3638156988511
124 12 1140.4280184692366
124 13 1140.4280184692366
124 14 969.3638156988511
124 15 798.2996129284656
124 16 627.2354101580801
124 17 456.17120738769455
124 18 285.10700461730903

125 9 628.3232218490133
125 10 799.684100535108
125 11 971.0449792212025
125 12 1142.405857907297
125 13 1142.405857907297
125 14 971.0449792212025
125 15 799.684100535108
125 16 628.3232218490133
125 17 456.9623431629187
125 18 285.60146447682416

126 9 629.3938226250478
126 10 801.0466833409702
126 11 972.6995440568924
126 12 1144.3524047728145
126 13 1144.3524047728145
126 14 972.6995440568924
126 15 801.0466833409702
126 16 629.3938226250478
126 17 457.7409619091257
126 18 286.08810119320356

127 9 630.4471331741861
127 10 802.3872604035097
127 11 974.3273876328333
127 12 1146.2675148621568
127 13 1146.2675148621568
127 14 974.3273876328333
127 15 802.3872604035097
127 16 630.4471331741861
127 17 458.5070059448626
127 18 286.5668787155391

128 9 631.4830754653207
128 10 803.7057324104082
128 11 975.9283893554958
128 12 1148.1510463005834
128 13 1148.1510463005834
128 14 975.9283893554958
128 15 803.7057324104082
128 16 631.4830754653207
128 17 459.2604185202332
128 18 287.03776157514574

129 9 632.5015727540158
129 10 805.0020016869294
129 11 977.5024306198428
129 12 1150.0028595527563
129 13 1150.0028595527563
129 14 977.5024306198428
129 15 805.0020016869294
129 16 632.5015727540158
129 17 460.0011438211024
129 18 287.50071488818895

130 9 633.5025495881921
130 10 806.2759722031537
130 11 979.0493948181153
130 12 1151.8228174330768
130 13 1151.8228174330768
130 14 979.0493948181153
130 15 806.2759722031537
130 16 633.5025495881921
130 17 460.7291269732306
130 18 287.9557043582691

131 9 634.4859318137165
131 10 807.5275495810939
131 11 980.5691673484712
131 12 1153.6107851158486
131 13 1153.6107851158486
131 14 980.5691673484712
131 15 807.5275495810939
131 16 634.4859318137165
131 17 461.4443140463393
131 18 288.402696278962

132 9 635.4516465798957
132 10 808.7566411016857
132 11 982.0616356234755
132 12 1155.3666301452652
132 13 1155.3666301452652
132 14 982.0616356234755
132 15 808.7566411016857
132 16 635.4516465798957
132 17 462.146652058106
132 18 288.8416575363162

133 9 636.399622344873
133 10 809.9631557116567
133 11 983.5266890784403
133 12 1157.0902224452238
133 13 1157.0902224452238
133 14 983.5266890784403
133 15 809.9631557116567
133 16 636.399622344873
133 17 462.83608897808944
133 18 289.27255561130585

134 9 637.3297888809279
134 10 811.1470040302721
134 11 984.9642191796162
134 12 1158.7814343289601
134 13 1158.7814343289601
134 14 984.9642191796162
134 15 811.1470040302721
134 16 637.3297888809279
134 17 463.5125737315839
134 18 289.6953585822399

135 9 638.2420772796798
135 10 812.3080983559562
135 11 986.3741194322325
135 12 1160.4401405085089
135 13 1160.4401405085089
135 14 986.3741194322325
135 15 812.3080983559562
135 16 638.2420772796798
135 17 464.17605620340345
135 18 290.1100351271271

136 9 639.1364199571914
136 10 813.4463526727892
136 11 987.7562853883869
136 12 1162.0662181039845
136 13 1162.0662181039845
136 14 987.7562853883869
136 15 813.4463526727892
136 16 639.1364199571914
136 17 464.8264872415937
136 18 290.516554525996

137 9 640.0127506589765
137 10 814.5616826568793
137 11 989.110614654782
137 12 1163.6595466526846
137 13 1163.6595466526846
137 14 989.110614654782
137 15 814.5616826568793
137 16 640.0127506589765
137 17 465.4638186610738
137 18 290.91488666317105

138 9 640.8710044649077
138 10 815.6540056826101
138 11 990.4370069003122
138 12 1165.2200081180144
138 13 1165.2200081180144
138 14 990.4370069003122
138 15 815.6540056826101
138 16 640.8710044649077
138 17 466.0880032472056
138 18 291.3050020295035

139 9 641.7111177940264
139 10 816.723240828761
139 11 991.7353638634956
139 12 1166.7474868982301
139 13 1166.7474868982301
139 14 991.7353638634956
139 15 816.723240828761
139 16 641.7111177940264
139 17 466.6989947592919
139 18 291.6868717245574

140 9 642.5330284092521
140 10 817.7693088845028
140 11 993.0055893597535
140 12 1168.241869835004
140 13 1168.241869835004
140 14 993.0055893597535
140 15 817.7693088845028
140 16 642.5330284092521
140 17 467.29674793400153
140 18 292.0604674587509

141 9 643.3366754219937
141 10 818.7921323552649
141 11 994.247589288536
141 12 1169.703046221807
141 13 1169.703046221807
141 14 994.247589288536
141 15 818.7921323552649
141 16 643.3366754219937
141 17 467.8812184887227
141 18 292.4257615554517

142 9 644.1219992966603
142 10 819.7916354684769
142 11 995.4612716402934
142 12 1171.1309078121099
142 13 1171.1309078121099
142 14 995.4612716402934
142 15 819.7916354684769
142 16 644.1219992966603
142 17 468.4523631248438
142 18 292.78272695302735

143 9 644.8889418550709
143 10 820.7677441791814
143 11 996.6465465032916
143 12 1172.5253488274018
143 13 1172.5253488274018
143 14 996.6465465032916
143 15 820.7677441791814
143 16 644.8889418550709
143 17 469.01013953096066
143 18 293.1313372068504

144 9 645.6374462807655
144 10 821.7203861755198
144 11 997.8033260702741
144 12 1173.8862659650283
144 13 1173.8862659650283
144 14 997.8033260702741
144 15 821.7203861755198
144 16 645.6374462807655
144 17 469.55450638601127
144 18 293.47156649125697

145 9 646.3674571232132
145 10 822.6494908840897
145 11 998.931524644966
145 12 1175.2135584058424
145 13 1175.2135584058424
145 14 998.931524644966
145 15 822.6494908840897
145 16 646.3674571232132
145 17 470.0854233623368
145 18 293.8033896014605

146 9 647.0789203019204
146 10 823.5549894751716
146 11 1000.0310586484227
146 12 1176.5071278216737
146 13 1176.5071278216737
146 14 1000.0310586484227
146 15 823.5549894751716
146 16 647.0789203019204
146 17 470.6028511286694
146 18 294.1267819554183

147 9 647.7717831104376
147 10 824.4368148678298
147 11 1001.1018466252218
147 12 1177.7668783826139
147 13 1177.7668783826139
147 14 1001.1018466252218
147 15 824.4368148678298
147 16 647.7717831104376
147 17 471.10675135304547
147 18 294.44171959565335

148 9 648.445994220263
148 10 825.2949017348803
148 11 1002.1438092494975
148 12 1178.9927167641147
148 13 1178.9927167641147
148 14 1002.1438092494975
148 15 825.2949017348803
148 16 648.445994220263
148 17 471.5970867056458
148 18 294.74817919102856

149 9 649.1015036846461
149 10 826.1291865077316
149 11 1003.1568693308169
149 12 1180.1845521539024
149 13 1180.1845521539024
149 14 1003.1568693308169
149 15 826.1291865077316
149 16 649.1015036846461
149 17 472.0738208615608
149 18 295.0461380384755

150 9 649.7382629422873
150 10 826.939607381093
150 11 1004.1409518198986
150 12 1181.3422962587042
150 13 1181.3422962587042
150 14 1004.1409518198986
150 15 826.939607381093
150 16 649.7382629422873
150 17 472.5369185034816
150 18 295.33557406467594

151 9 650.3562248209352
151 10 827.726104317554
151 11 1005.0959838141728
151 12 1182.4658633107915
151 13 1182.4658633107915
151 14 1005.0959838141728
151 15 827.726104317554
151 16 650.3562248209352
151 17 472.98634532431646
151 18 295.61646582769777

152 9 650.9553435408816
152 10 828.4886190520313
152 11 1006.0218945631808
152 12 1183.5551700743304
152 13 1183.5551700743304
152 14 1006.0218945631808
152 15 828.4886190520313
152 16 650.9553435408816
152 17 473.42206802973203
152 18 295.8887925185825

153 9 651.5355747183529
153 10 829.2270950960856
153 11 1006.9186154738182
153 12 1184.610135851551
153 13 1184.610135851551
153 14 1006.9186154738182
153 15 829.2270950960856
153 16 651.5355747183529
153 17 473.84405434062023
153 18 296.1525339628876

154 9 652.0968753687977
154 10 829.9414777421064
154 11 1007.7860801154148
154 12 1185.6306824887233
154 13 1185.6306824887233
154 14 1007.7860801154148
154 15 829.9414777421064
154 16 652.0968753687977
154 17 474.2522729954892
154 18 296.4076706221807

155 9 652.6392039100721
155 10 830.6317140673646
155 11 1008.6242242246569
155 12 1186.6167343819493
155 13 1186.6167343819493
155 14 1008.6242242246569
155 15 830.6317140673646
155 16 652.6392039100721
155 17 474.64669375277964
155 18 296.6541835954872

156 9 653.1625201655189
156 10 831.2977529379333
156 11 1009.4329857103476
156 12 1187.568218482762
156 13 1187.568218482762
156 14 1009.4329857103476
156 15 831.2977529379333
156 16 653.1625201655189
156 17 475.02728739310464
156 18 296.8920546206904

157 9 653.6667853669451
157 10 831.9395450124757
157 11 1010.2123046580062
157 12 1188.4850643035368
157 13 1188.4850643035368
157 14 1010.2123046580062
157 15 831.9395450124757
157 16 653.6667853669451
157 17 475.3940257214146
157 18 297.1212660758841

158 9 654.1519621574932
158 10 832.5570427459007
158 11 1010.962123334308
158 12 1189.3672039227154
158 13 1189.3672039227154
158 14 1010.962123334308
158 15 832.5570427459007
158 16 654.1519621574932
158 17 475.746881569086
158 18 297.3418009806787

159 9 654.6180145944093
159 10 833.1502003928846
159 11 1011.6823861913599
159 12 1190.2145719898351
159 13 1190.2145719898351
159 14 1011.6823861913599
159 15 833.1502003928846
159 16 654.6180145944093
159 17 476.085828795934
159 18 297.55364299745867

160 9 655.0649081517047
160 10 833.7189740112607
160 11 1012.3730398708166
160 12 1191.0271057303723
160 13 1191.0271057303723
160 14 1012.3730398708166
160 15 833.7189740112607
160 16 655.0649081517047
160 17 476.41084229214886
160 18 297.75677643259297

161 9 655.4926097227152
161 10 834.2633214652741
161 11 1013.0340332078327
161 12 1191.8047449503915
161 13 1191.8047449503915
161 14 1013.0340332078327
161 15 834.2633214652741
161 16 655.4926097227152
161 17 476.7218979801565
161 18 297.95118623759777

162 9 655.9010876225523
162 10 834.783202428703
162 11 1013.6653172348537
162 12 1192.5474320410042
162 13 1192.5474320410042
162 14 1013.6653172348537
162 15 834.783202428703
162 16 655.9010876225523
162 17 477.0189728164016
162 18 298.13685801025093

163 9 656.2903115904511
163 10 835.278578387847
163 11 1014.2668451852428
163 12 1193.2551119826385
163 13 1193.2551119826385
163 14 1014.2668451852428
163 15 835.278578387847
163 16 656.2903115904511
163 17 477.3020447930553
163 18 298.3137779956595

164 9 656.6602527920122
164 10 835.7494126443794
164 11 1014.8385724967463
164 12 1193.9277323491135
164 13 1193.9277323491135
164 14 1014.8385724967463
164 15 835.7494126443794
164 16 656.6602527920122
164 17 477.57109293964527
164 18 298.48193308727826

165 9 657.0108838213378
165 10 836.1956703180664
165 11 1015.3804568147949
165 12 1194.5652433115233
165 13 1194.5652433115233
165 14 1015.3804568147949
165 15 836.1956703180664
165 16 657.0108838213378
165 17 477.82609732460924
165 18 298.6413108278807

166 9 657.3421787030611
166 10 836.6173183493506
166 11 1015.89245799564
166 12 1195.1675976419294
166 13 1195.1675976419294
166 14 1015.89245799564
166 15 836.6173183493506
166 16 657.3421787030611
166 17 478.06703905677165
166 18 298.79189941048224

167 9 657.654112894272
167 10 837.0143255018008
167 11 1016.3745381093296
167 12 1195.7347507168583
167 13 1195.7347507168583
167 14 1016.3745381093296
167 15 837.0143255018008
167 16 657.654112894272
167 17 478.2939002867432
167 18 298.9336876792145

168 9 657.946663286334
168 10 837.3866623644252
168 11 1016.8266614425163
168 12 1196.2666605206075
168 13 1196.2666605206075
168 14 1016.8266614425163
168 15 837.3866623644252
168 16 657.946663286334
168 17 478.50666420824285
168 18 299.06666513015176

169 9 658.2198082065972
169 10 837.7343013538512
169 11 1017.2487945011051
169 12 1196.7632876483588
169 13 1196.7632876483588
169 14 1017.2487945011051
169 15 837.7343013538512
169 16 658.2198082065972
169 17 478.70531505934343
169 18 299.1908219120896

170 9 658.4735274200032
170 10 838.0572167163679
170 11 1017.6409060127323
170 12 1197.224595309097
170 13 1197.224595309097
170 14 1017.6409060127323
170 15 838.0572167163679
170 16 658.4735274200032
170 17 478.88983812363864
170 18 299.3061488272741

171 9 658.707802130584
171 10 838.3553845298344
171 11 1018.0029669290847
171 12 1197.6505493283348
171 13 1197.6505493283348
171 14 1018.0029669290847
171 15 838.3553845298344
171 16 658.707802130584
171 17 479.06021973133386
171 18 299.4126373320836

172 9 658.9226149828552
172 10 838.6287827054521
172 11 1018.334950428049
172 12 1198.0411181506458
172 13 1198.0411181506458
172 14 1018.334950428049
172 15 838.6287827054521
172 16 658.9226149828552
172 17 479.21644726025824
172 18 299.51027953766135

173 9 659.1179500631008
173 10 838.8773909894012
173 11 1018.6368319157015
173 12 1198.3962728420017
173 13 1198.3962728420017
173 14 1018.6368319157015
173 15 838.8773909894012
173 16 659.1179500631008
173 17 479.35850913680054
173 18 299.5990682105003

174 9 659.293792900553
174 10 839.1011909643402
174 11 1018.9085890281274
174 12 1198.7159870919145
174 13 1198.7159870919145
174 14 1018.9085890281274
174 15 839.1011909643402
174 16 659.293792900553
174 17 479.4863948367657
174 18 299.6789967729785

175 9 659.4501304684634
175 10 839.3001660507717
175 11 1019.15020163308
175 12 1199.0002372153883
175 13 1199.0002372153883
175 14 1019.15020163308
175 15 839.3001660507717
175 16 659.4501304684634
175 17 479.6000948861552
175 18 299.75005930384697

176 9 659.5869511850689
176 10 839.4743015082696
176 11 1019.3616518314702
176 12 1199.249002154671
176 13 1199.249002154671
176 14 1019.3616518314702
176 15 839.4743015082696
176 16 659.5869511850689
176 17 479.69960086186825
176 18 299.8122505386676

177 9 659.7042449144487
177 10 839.6235844365713
177 11 1019.5429239586938
177 12 1199.462263480816
177 13 1199.462263480816
177 14 1019.5429239586938
177 15 839.6235844365713
177 16 659.7042449144487
177 17 479.7849053923264
177 18 299.8655658702039

178 9 659.8020029672763
178 10 839.7480037765337
178 11 1019.6940045857908
178 12 1199.640005395048
178 13 1199.640005395048
178 14 1019.6940045857908
178 15 839.7480037765337
178 16 659.8020029672763
178 17 479.8560021580191
178 18 299.9100013487619

179 9 659.8802181014622
179 10 839.847550310952
179 11 1019.8148825204418
179 12 1199.7822147299314
179 13 1199.7822147299314
179 14 1019.8148825204418
179 15 839.847550310952
179 16 659.8802181014622
179 17 479.91288589197245
179 18 299.94555368248274

180 9 659.9388845226911
180 10 839.9222166652434
180 11 1019.9055488077955
180 12 1199.8888809503476
180 13 1199.8888809503476
180 14 1019.9055488077955
180 15 839.9222166652434
180 16 659.9388845226911
180 17 479.95555238013895
180 18 299.9722202375868

181 9 659.9779978848507
181 10 839.9719973079918
181 11 1019.965996731133
181 12 1199.9599961542742
181 13 1199.9599961542742
181 14 1019.965996731133
181 15 839.9719973079918
181 16 659.9779978848507
181 17 479.9839984617095
181 18 299.98999903856844

182 9 659.9975552903541
182 10 839.9968885513599
182 11 1019.9962218123655
182 12 1199.9955550733712
182 13 1199.9955550733712
182 14 1019.9962218123655
182 15 839.9968885513599
182 16 659.9975552903541
182 17 479.99822202934837
182 18 299.9988887683427

183 9 659.9975552903541
183 10 839.9968885513599
183 11 1019.9962218123655
183 12 1199.9955550733712
183 13 1199.9955550733712
183 14 1019.9962218123655
183 15 839.9968885513599
183 16 659.9975552903541
183 17 479.99822202934837
183 18 299.9988887683427

184 9 659.9779978848507
184 10 839.9719973079918
184 11 1019.965996731133
184 12 1199.9599961542742
184 13 1199.9599961542742
184 14 1019.965996731133
184 15 839.9719973079918
184 16 659.9779978848507
184 17 479.9839984617095
184 18 299.98999903856844

185 9 659.9388845226911
185 10 839.9222166652434
185 11 1019.9055488077955
185 12 1199.8888809503476
185 13 1199.8888809503476
185 14 1019.9055488077955
185 15 839.9222166652434
185 16 659.9388845226911
185 17 479.95555238013895
185 18 299.9722202375868

186 9 659.8802181014622
186 10 839.847550310952
186 11 1019.8148825204418
186 12 1199.7822147299314
186 13 1199.7822147299314
186 14 1019.8148825204418
186 15 839.847550310952
186 16 659.8802181014622
186 17 479.91288589197245
186 18 299.94555368248274

187 9 659.8020029672763
187 10 839.7480037765337
187 11 1019.6940045857908
187 12 1199.640005395048
187 13 1199.640005395048
187 14 1019.6940045857908
187 15 839.7480037765337
187 16 659.8020029672763
187 17 479.8560021580191
187 18 299.9100013487619

188 9 659.7042449144487
188 10 839.6235844365713
188 11 1019.5429239586938
188 12 1199.462263480816
188 13 1199.462263480816
188 14 1019.5429239586938
188 15 839.6235844365713
188 16 659.7042449144487
188 17 479.7849053923264
188 18 299.8655658702039

189 9 659.5869511850689
189 10 839.4743015082696
189 11 1019.3616518314702
189 12 1199.249002154671
189 13 1199.249002154671
189 14 1019.3616518314702
189 15 839.4743015082696
189 16 659.5869511850689
189 17 479.69960086186825
189 18 299.8122505386676

190 9 659.4501304684634
190 10 839.3001660507717
190 11 1019.15020163308
190 12 1199.0002372153883
190 13 1199.0002372153883
190 14 1019.15020163308
190 15 839.3001660507717
190 16 659.4501304684634
190 17 479.6000948861552
190 18 299.75005930384697

191 9 659.293792900553
191 10 839.1011909643403
191 11 1018.9085890281275
191 12 1198.7159870919147
191 13 1198.7159870919147
191 14 1018.9085890281275
191 15 839.1011909643403
191 16 659.293792900553
191 17 479.4863948367658
191 18 299.67899677297856

192 9 659.1179500631008
192 10 838.8773909894012
192 11 1018.6368319157015
192 12 1198.3962728420017
192 13 1198.3962728420017
192 14 1018.6368319157015
192 15 838.8773909894012
192 16 659.1179500631008
192 17 479.35850913680054
192 18 299.5990682105003

193 9 658.9226149828552
193 10 838.6287827054521
193 11 1018.334950428049
193 12 1198.0411181506458
193 13 1198.0411181506458
193 14 1018.334950428049
193 15 838.6287827054521
193 16 658.9226149828552
193 17 479.21644726025824
193 18 299.51027953766135

194 9 658.707802130584
194 10 838.3553845298344
194 11 1018.0029669290847
194 12 1197.6505493283348
194 13 1197.6505493283348
194 14 1018.0029669290847
194 15 838.3553845298344
194 16 658.707802130584
194 17 479.06021973133386
194 18 299.4126373320836

195 9 658.4735274200032
195 10 838.0572167163679
195 11 1017.6409060127323
195 12 1197.224595309097
195 13 1197.224595309097
195 14 1017.6409060127323
195 15 838.0572167163679
195 16 658.4735274200032
195 17 478.88983812363864
195 18 299.3061488272741

196 9 658.2198082065972
196 10 837.7343013538512
196 11 1017.2487945011051
196 12 1196.7632876483588
196 13 1196.7632876483588
196 14 1017.2487945011051
196 15 837.7343013538512
196 16 658.2198082065972
196 17 478.70531505934343
196 18 299.1908219120896

197 9 657.946663286334
197 10 837.3866623644252
197 11 1016.8266614425163
197 12 1196.2666605206075
197 13 1196.2666605206075
197 14 1016.8266614425163
197 15 837.3866623644252
197 16 657.946663286334
197 17 478.50666420824285
197 18 299.06666513015176

198 9 657.654112894272
198 10 837.0143255018008
198 11 1016.3745381093296
198 12 1195.7347507168583
198 13 1195.7347507168583
198 14 1016.3745381093296
198 15 837.0143255018008
198 16 657.654112894272
198 17 478.2939002867432
198 18 298.9336876792145

199 9 657.3421787030611
199 10 836.6173183493506
199 11 1015.89245799564
199 12 1195.1675976419294
199 13 1195.1675976419294
199 14 1015.89245799564
199 15 836.6173183493506
199 16 657.3421787030611
199 17 478.06703905677165
199 18 298.79189941048224

200 9 657.0108838213378
200 10 836.1956703180664
200 11 1015.3804568147949
200 12 1194.5652433115233
200 13 1194.5652433115233
200 14 1015.3804568147949
200 15 836.1956703180664
200 16 657.0108838213378
200 17 477.82609732460924
200 18 298.6413108278807

201 9 656.6602527920123
201 10 835.7494126443795
201 11 1014.8385724967465
201 12 1193.9277323491135
201 13 1193.9277323491135
201 14 1014.8385724967465
201 15 835.7494126443795
201 16 656.6602527920123
201 17 477.5710929396453
201 18 298.48193308727826

202 9 656.2903115904511
202 10 835.278578387847
202 11 1014.2668451852428
202 12 1193.2551119826385
202 13 1193.2551119826385
202 14 1014.2668451852428
202 15 835.278578387847
202 16 656.2903115904511
202 17 477.3020447930553
202 18 298.3137779956595

203 9 655.9010876225523
203 10 834.783202428703
203 11 1013.6653172348537
203 12 1192.5474320410042
203 13 1192.5474320410042
203 14 1013.6653172348537
203 15 834.783202428703
203 16 655.9010876225523
203 17 477.0189728164016
203 18 298.13685801025093

204 9 655.4926097227152
204 10 834.2633214652741
204 11 1013.0340332078327
204 12 1191.8047449503915
204 13 1191.8047449503915
204 14 1013.0340332078327
204 15 834.2633214652741
204 16 655.4926097227152
204 17 476.7218979801565
204 18 297.95118623759777

205 9 655.0649081517047
205 10 833.7189740112607
205 11 1012.3730398708166
205 12 1191.0271057303723
205 13 1191.0271057303723
205 14 1012.3730398708166
205 15 833.7189740112607
205 16 655.0649081517047
205 17 476.41084229214886
205 18 297.75677643259297

206 9 654.6180145944093
206 10 833.1502003928846
206 11 1011.6823861913599
206 12 1190.2145719898351
206 13 1190.2145719898351
206 14 1011.6823861913599
206 15 833.1502003928846
206 16 654.6180145944093
206 17 476.085828795934
206 18 297.55364299745867

207 9 654.1519621574932
207 10 832.5570427459007
207 11 1010.962123334308
207 12 1189.3672039227154
207 13 1189.3672039227154
207 14 1010.962123334308
207 15 832.5570427459007
207 16 654.1519621574932
207 17 475.746881569086
207 18 297.3418009806787

208 9 653.6667853669451
208 10 831.9395450124757
208 11 1010.2123046580062
208 12 1188.4850643035368
208 13 1188.4850643035368
208 14 1010.2123046580062
208 15 831.9395450124757
208 16 653.6667853669451
208 17 475.3940257214146
208 18 297.1212660758841

209 9 653.1625201655189
209 10 831.2977529379333
209 11 1009.4329857103476
209 12 1187.568218482762
209 13 1187.568218482762
209 14 1009.4329857103476
209 15 831.2977529379333
209 16 653.1625201655189
209 17 475.02728739310464
209 18 296.8920546206904

210 9 652.6392039100721
210 10 830.6317140673646
210 11 1008.6242242246569
210 12 1186.6167343819493
210 13 1186.6167343819493
210 14 1008.6242242246569
210 15 830.6317140673646
210 16 652.6392039100721
210 17 474.64669375277964
210 18 296.6541835954872

211 9 652.0968753687978
211 10 829.9414777421064
211 11 1007.786080115415
211 12 1185.6306824887236
211 13 1185.6306824887236
211 14 1007.786080115415
211 15 829.9414777421064
211 16 652.0968753687978
211 17 474.25227299548925
211 18 296.4076706221808

212 9 651.5355747183529
212 10 829.2270950960856
212 11 1006.9186154738182
212 12 1184.610135851551
212 13 1184.610135851551
212 14 1006.9186154738182
212 15 829.2270950960856
212 16 651.5355747183529
212 17 473.84405434062023
212 18 296.1525339628876

213 9 650.9553435408816
213 10 828.4886190520313
213 11 1006.0218945631808
213 12 1183.5551700743304
213 13 1183.5551700743304
213 14 1006.0218945631808
213 15 828.4886190520313
213 16 650.9553435408816
213 17 473.42206802973203
213 18 295.8887925185825

214 9 650.3562248209352
214 10 827.726104317554
214 11 1005.0959838141728
214 12 1182.4658633107915
214 13 1182.4658633107915
214 14 1005.0959838141728
214 15 827.726104317554
214 16 650.3562248209352
214 17 472.98634532431646
214 18 295.61646582769777

215 9 649.7382629422873
215 10 826.939607381093
215 11 1004.1409518198986
215 12 1181.3422962587042
215 13 1181.3422962587042
215 14 1004.1409518198986
215 15 826.939607381093
215 16 649.7382629422873
215 17 472.5369185034816
215 18 295.33557406467594

216 9 649.1015036846461
216 10 826.1291865077316
216 11 1003.1568693308169
216 12 1180.1845521539024
216 13 1180.1845521539024
216 14 1003.1568693308169
216 15 826.1291865077316
216 16 649.1015036846461
216 17 472.0738208615608
216 18 295.0461380384755

217 9 648.445994220263
217 10 825.2949017348803
217 11 1002.1438092494975
217 12 1178.9927167641147
217 13 1178.9927167641147
217 14 1002.1438092494975
217 15 825.2949017348803
217 16 648.445994220263
217 17 471.5970867056458
217 18 294.74817919102856

218 9 647.7717831104376
218 10 824.4368148678298
218 11 1001.1018466252218
218 12 1177.7668783826139
218 13 1177.7668783826139
218 14 1001.1018466252218
218 15 824.4368148678298
218 16 647.7717831104376
218 17 471.10675135304547
218 18 294.44171959565335

219 9 647.0789203019204
219 10 823.5549894751716
219 11 1000.0310586484227
219 12 1176.5071278216737
219 13 1176.5071278216737
219 14 1000.0310586484227
219 15 823.5549894751716
219 16 647.0789203019204
219 17 470.6028511286694
219 18 294.1267819554183

220 9 646.3674571232132
220 10 822.6494908840897
220 11 998.931524644966
220 12 1175.2135584058424
220 13 1175.2135584058424
220 14 998.931524644966
220 15 822.6494908840897
220 16 646.3674571232132
220 17 470.0854233623368
220 18 293.8033896014605

221 9 645.6374462807655
221 10 821.7203861755198
221 11 997.8033260702741
221 12 1173.8862659650283
221 13 1173.8862659650283
221 14 997.8033260702741
221 15 821.7203861755198
221 16 645.6374462807655
221 17 469.55450638601127
221 18 293.47156649125697

222 9 644.8889418550709
222 10 820.7677441791814
222 11 996.6465465032916
222 12 1172.5253488274018
222 13 1172.5253488274018
222 14 996.6465465032916
222 15 820.7677441791814
222 16 644.8889418550709
222 17 469.01013953096066
222 18 293.1313372068504

223 9 644.1219992966603
223 10 819.7916354684769
223 11 995.4612716402934
223 12 1171.1309078121099
223 13 1171.1309078121099
223 14 995.4612716402934
223 15 819.7916354684769
223 16 644.1219992966603
223 17 468.4523631248438
223 18 292.78272695302735

224 9 643.3366754219937
224 10 818.7921323552649
224 11 994.247589288536
224 12 1169.703046221807
224 13 1169.703046221807
224 14 994.247589288536
224 15 818.7921323552649
224 16 643.3366754219937
224 17 467.8812184887227
224 18 292.4257615554517

225 9 642.5330284092521
225 10 817.7693088845028
225 11 993.0055893597535
225 12 1168.241869835004
225 13 1168.241869835004
225 14 993.0055893597535
225 15 817.7693088845028
225 16 642.5330284092521
225 17 467.29674793400153
225 18 292.0604674587509

226 9 641.7111177940264
226 10 816.723240828761
226 11 991.7353638634956
226 12 1166.7474868982301
226 13 1166.7474868982301
226 14 991.7353638634956
226 15 816.723240828761
226 16 641.7111177940264
226 17 466.6989947592919
226 18 291.6868717245574

227 9 640.8710044649077
227 10 815.6540056826101
227 11 990.4370069003122
227 12 1165.2200081180144
227 13 1165.2200081180144
227 14 990.4370069003122
227 15 815.6540056826101
227 16 640.8710044649077
227 17 466.0880032472056
227 18 291.3050020295035

228 9 640.0127506589765
228 10 814.5616826568793
228 11 989.110614654782
228 12 1163.6595466526846
228 13 1163.6595466526846
228 14 989.110614654782
228 15 814.5616826568793
228 16 640.0127506589765
228 17 465.4638186610738
228 18 290.91488666317105

229 9 639.1364199571914
229 10 813.4463526727892
229 11 987.7562853883869
229 12 1162.0662181039845
229 13 1162.0662181039845
229 14 987.7562853883869
229 15 813.4463526727892
229 16 639.1364199571914
229 17 464.8264872415937
229 18 290.516554525996

230 9 638.2420772796798
230 10 812.3080983559563
230 11 986.3741194322326
230 12 1160.440140508509
230 13 1160.440140508509
230 14 986.3741194322326
230 15 812.3080983559563
230 16 638.2420772796798
230 17 464.1760562034035
230 18 290.11003512712716

231 9 637.329788880928
231 10 811.1470040302722
231 11 984.9642191796163
231 12 1158.7814343289604
231 13 1158.7814343289604
231 14 984.9642191796163
231 15 811.1470040302722
231 16 637.329788880928
231 17 463.512573731584
231 18 289.69535858224

232 9 636.399622344873
232 10 809.9631557116567
232 11 983.5266890784403
232 12 1157.0902224452238
232 13 1157.0902224452238
232 14 983.5266890784403
232 15 809.9631557116567
232 16 636.399622344873
232 17 462.83608897808944
232 18 289.27255561130585

233 9 635.4516465798957
233 10 808.7566411016857
233 11 982.0616356234755
233 12 1155.3666301452652
233 13 1155.3666301452652
233 14 982.0616356234755
233 15 808.7566411016857
233 16 635.4516465798957
233 17 462.146652058106
233 18 288.8416575363162

234 9 634.4859318137167
234 10 807.527549581094
234 11 980.5691673484713
234 12 1153.6107851158486
234 13 1153.6107851158486
234 14 980.5691673484713
234 15 807.527549581094
234 16 634.4859318137167
234 17 461.44431404633934
234 18 288.402696278962

235 9 633.5025495881921
235 10 806.2759722031537
235 11 979.0493948181153
235 12 1151.8228174330768
235 13 1151.8228174330768
235 14 979.0493948181153
235 15 806.2759722031537
235 16 633.5025495881921
235 17 460.7291269732306
235 18 287.9557043582691

236 9 632.5015727540159
236 10 805.0020016869295
236 11 977.5024306198429
236 12 1150.0028595527563
236 13 1150.0028595527563
236 14 977.5024306198429
236 15 805.0020016869295
236 16 632.5015727540159
236 17 460.00114382110246
236 18 287.500714888189

237 9 631.4830754653207
237 10 803.7057324104082
237 11 975.9283893554958
237 12 1148.1510463005834
237 13 1148.1510463005834
237 14 975.9283893554958
237 15 803.7057324104082
237 16 631.4830754653207
237 17 459.2604185202332
237 18 287.03776157514574

238 9 630.4471331741861
238 10 802.3872604035097
238 11 974.3273876328333
238 12 1146.2675148621568
238 13 1146.2675148621568
238 14 974.3273876328333
238 15 802.3872604035097
238 16 630.4471331741861
238 17 458.5070059448626
238 18 286.5668787155391

239 9 629.3938226250478
239 10 801.0466833409702
239 11 972.6995440568924
239 12 1144.3524047728145
239 13 1144.3524047728145
239 14 972.6995440568924
239 15 801.0466833409702
239 16 629.3938226250478
239 17 457.7409619091257
239 18 286.08810119320356

240 9 628.3232218490133
240 10 799.684100535108
240 11 971.0449792212027
240 12 1142.405857907297
240 13 1142.405857907297
240 14 971.0449792212027
240 15 799.684100535108
240 16 628.3232218490133
240 17 456.9623431629188
240 18 285.60146447682416

241 9 627.2354101580801
241 10 798.2996129284656
241 11 969.3638156988511
241 12 1140.4280184692366
241 13 1140.4280184692366
241 14 969.3638156988511
241 15 798.2996129284656
241 16 627.2354101580801
241 17 456.17120738769455
241 18 285.10700461730903

242 9 626.1304681392609
242 10 796.8933230863321
242 11 967.6561780334033
242 12 1138.4190329804744
242 13 1138.4190329804744
242 14 967.6561780334033
242 15 796.8933230863321
242 16 626.1304681392609
242 17 455.36761319218965
242 18 284.6047582451185

243 9 625.0084776486135
243 10 795.4653351891445
243 11 965.9221927296755
243 12 1136.3790502702066
243 13 1136.3790502702066
243 14 965.9221927296755
243 15 795.4653351891445
243 16 625.0084776486135
243 17 454.5516201080825
243 18 284.0947625675515

244 9 623.8695218051765
244 10 794.0157550247703
244 11 964.1619882443639
244 12 1134.3082214639576
244 13 1134.3082214639576
244 14 964.1619882443639
244 15 794.0157550247703
244 16 623.8695218051765
244 17 453.7232885855829
244 18 283.5770553659893

245 9 622.7136849848118
245 10 792.5446899806698
245 11 962.3756949765276
245 12 1132.2066999723854
245 13 1132.2066999723854
245 14 962.3756949765276
245 15 792.5446899806698
245 16 622.7136849848118
245 17 452.88267998895407
245 18 283.05167499309624

246 9 621.5410528139543
246 10 791.0522490359419
246 11 960.5634452579294
246 12 1130.074641479917
246 13 1130.074641479917
246 14 960.5634452579294
246 15 791.0522490359419
246 16 621.5410528139543
246 17 452.0298565919667
246 18 282.51866036997916

247 9 620.3517121632673
247 10 789.5385427532494
247 11 958.7253733432314
247 12 1127.9122039332135
247 13 1127.9122039332135
247 14 958.7253733432314
247 15 789.5385427532494
247 16 620.3517121632673
247 17 451.16488157328524
247 18 281.97805098330326

248 9 619.1457511412086
248 10 788.0036832706293
248 11 956.8616154000498
248 12 1125.7195475294704
248 13 1125.7195475294704
248 14 956.8616154000498
248 15 788.0036832706293
248 16 619.1457511412086
248 17 450.28781901178803
248 18 281.4298868823675

249 9 617.9232590875021
249 10 786.4477842931847
249 11 954.972309498867
249 12 1123.4968347045494
249 13 1123.4968347045494
249 14 954.972309498867
249 15 786.4477842931847
249 16 617.9232590875021
249 17 449.3987338818197
249 18 280.87420867613724

250 9 616.6843265665201
250 10 784.8709610846621
250 11 953.057595602804
250 12 1121.2442301209458
250 13 1121.2442301209458
250 14 953.057595602804
250 15 784.8709610846621
250 16 616.6843265665201
250 17 448.4976920483782
250 18 280.3110575302363

251 9 615.4290453605732
251 10 783.2733304589115
251 11 951.1176155572497
251 12 1118.961900655588
251 13 1118.961900655588
251 14 951.1176155572497
251 15 783.2733304589115
251 16 615.4290453605732
251 17 447.584760262235
251 18 279.74047516389686

252 9 614.157508463112
252 10 781.6550107712336
252 11 949.1525130793551
252 12 1116.6500153874765
252 13 1116.6500153874765
252 14 949.1525130793551
252 15 781.6550107712336
252 16 614.157508463112
252 17 446.6600061549905
252 18 279.162503846869

253 9 612.8698100718373
253 10 780.0161219096112
253 11 947.162433747385
253 12 1114.308745585159
253 13 1114.308745585159
253 14 947.162433747385
253 15 780.0161219096112
253 16 612.8698100718373
253 17 445.7234982340634
253 18 278.5771863962896

254 9 611.5660455817217
254 10 778.3567852858278
254 11 945.1475249899338
254 12 1111.9382646940396
254 13 1111.9382646940396
254 14 945.1475249899338
254 15 778.3567852858278
254 16 611.5660455817217
254 17 444.7753058776158
254 18 277.98456617350985

255 9 610.2463115779432
255 10 776.6771238264732
255 11 943.1079360750033
255 12 1109.5387483235331
255 13 1109.5387483235331
255 14 943.1079360750033
255 15 776.6771238264732
255 16 610.2463115779432
255 17 443.81549932941317
255 18 277.3846870808832

256 9 608.9107058287293
256 10 774.9772619638375
256 11 941.0438180989455
256 12 1107.1103742340536
256 13 1107.1103742340536
256 14 941.0438180989455
256 15 774.9772619638375
256 16 608.9107058287293
256 17 442.8441496936213
256 18 276.7775935585133

257 9 607.5593272781146
257 10 773.2573256266913
257 11 938.955323975268
257 12 1104.6533223238448
257 13 1104.6533223238448
257 14 938.955323975268
257 15 773.2573256266913
257 16 607.5593272781146
257 17 441.8613289295378
257 18 276.1633305809611

258 9 606.1922760386105
258 10 771.517442230959
258 11 936.8426084233073
258 12 1102.1677746156556
258 13 1102.1677746156556
258 14 936.8426084233073
258 15 771.517442230959
258 16 606.1922760386105
258 17 440.86710984626217
258 18 275.5419436539138

259 9 604.8096533837892
259 10 769.7577406702771
259 11 934.7058279567651
259 12 1099.653915243253
259 13 1099.653915243253
259 14 934.7058279567651
259 15 769.7577406702771
259 16 604.8096533837892
259 17 439.86156609730114
259 18 274.91347881081316

260 9 603.4115617407806
260 10 767.9783513064481
260 11 932.5451408721156
260 12 1097.111930437783
260 13 1097.111930437783
260 14 932.5451408721156
260 15 767.9783513064481
260 16 603.4115617407806
260 17 438.8447721751131
260 18 274.27798260944564

261 9 601.9981046826847
261 10 766.1794059597806
261 11 930.3607072368765
261 12 1094.5420085139724
261 13 1094.5420085139724
261 14 930.3607072368765
261 15 766.1794059597806
261 16 601.9981046826847
261 17 437.8168034055888
261 18 273.635502128493

262 9 600.5693869208986
262 10 764.3610378993257
262 11 928.1526888777526
262 12 1091.9443398561796
262 13 1091.9443398561796
262 14 928.1526888777526
262 15 764.3610378993257
262 16 600.5693869208986
262 17 436.77773594247174
262 18 272.9860849640448

263 9 599.1255142973595
263 10 762.5233818330031
263 11 925.9212493686466
263 12 1089.3191169042902
263 13 1089.3191169042902
263 14 925.9212493686466
263 15 762.5233818330031
263 16 599.1255142973595
263 17 435.72764676171596
263 18 272.32977922607245

264 9 597.6665937767032
264 10 760.6665738976224
264 11 923.6665540185414
264 12 1086.6665341394605
264 13 1086.6665341394605
264 14 923.6665540185414
264 15 760.6665738976224
264 16 597.6665937767032
264 17 434.6666136557841
264 18 271.666633534865

265 9 596.1927334383404
265 10 758.790751648797
265 11 921.3887698592536
265 12 1083.98678806971
265 13 1083.98678806971
265 14 921.3887698592536
265 15 758.790751648797
265 16 596.1927334383404
265 17 433.5947152278839
265 18 270.99669701742744

266 9 594.7040424684501
266 10 756.8960540507547
266 11 919.0880656330594
266 12 1081.280077215364
266 13 1081.280077215364
266 14 919.0880656330594
266 15 756.8960540507547
266 16 594.7040424684501
266 17 432.5120308861455
266 18 270.3200193038409

267 9 593.2006311518905
267 10 754.9826214660426
267 11 916.7646117801946
267 12 1078.5466020943466
267 13 1078.5466020943466
267 14 916.7646117801946
267 15 754.9826214660426
267 16 593.2006311518905
267 17 431.41864083773856
267 18 269.6366505235865

268 9 591.6826108640292
268 10 753.0505956451282
268 11 914.4185804262271
268 12 1075.786565207326
268 13 1075.786565207326
268 14 914.4185804262271
268 15 753.0505956451282
268 16 591.6826108640292
268 17 430.3146260829303
268 18 268.9466413018314

269 9 590.1500940624921
269 10 751.1001197158993
269 11 912.0501453693062
269 12 1073.0001710227132
269 13 1073.0001710227132
269 14 912.0501453693062
269 15 751.1001197158993
269 16 590.1500940624921
269 17 429.2000684090852
269 18 268.2500427556782

270 9 588.6031942788326
270 10 749.1313381730598
270 11 909.659482067287
270 12 1070.187625961514
270 13 1070.187625961514
270 14 909.659482067287
270 15 749.1313381730598
270 16 588.6031942788326
270 17 428.0750503846055
270 18 267.54690649037843

271 9 587.0420261101208
271 10 747.1443968674266
271 11 907.2467676247322
271 12 1067.349138382038
271 13 1067.349138382038
271 14 907.2467676247322
271 15 747.1443968674266
271 16 587.0420261101208
271 17 426.93965535281507
271 18 266.8372845955094

272 9 585.4667052104538
272 10 745.1394429951232
272 11 904.8121807797925
272 12 1064.4849185644616
272 13 1064.4849185644616
272 14 904.8121807797925
272 15 745.1394429951232
272 16 585.4667052104538
272 17 425.7939674257846
272 18 266.12122964111535

273 9 583.8773482823884
273 10 743.1166250866763
273 11 902.355901890964
273 12 1061.595178695252
273 13 1061.595178695252
273 14 902.355901890964
273 15 743.1166250866763
273 16 583.8773482823884
273 17 424.63807147810064
273 18 265.39879467381286

274 9 582.2740730682949
274 10 741.0760929960118
274 11 899.8781129237286
274 12 1058.6801328514455
274 13 1058.6801328514455
274 14 899.8781129237286
274 15 741.0760929960118
274 16 582.2740730682949
274 17 423.47205314057805
274 18 264.67003321286126

275 9 580.6569983416348
275 10 739.0179978893534
275 11 897.378997437072
275 12 1055.7399969847907
275 13 1055.7399969847907
275 14 897.378997437072
275 15 739.0179978893534
275 16 580.6569983416348
275 17 422.29599879391617
275 18 263.93499924619755

276 9 579.0262438981621
276 10 736.9424922340245
276 11 894.8587405698869
276 12 1052.7749889057493
276 13 1052.7749889057493
276 14 894.8587405698869
276 15 736.9424922340245
276 16 579.0262438981621
276 17 421.1099955622996
276 18 263.1937472264372

277 9 577.3819305470481
277 10 734.8497297871522
277 11 892.3175290272562
277 12 1049.7853282673602
277 13 1049.7853282673602
277 14 892.3175290272562
277 15 734.8497297871522
277 16 577.3819305470481
277 17 419.914131306944
277 18 262.44633206684

278 9 575.7241801019322
278 10 732.7398655842775
278 11 889.7555510666227
278 12 1046.7712365489679
278 13 1046.7712365489679
278 14 889.7555510666227
278 15 732.7398655842775
278 16 575.7241801019322
278 17 418.70849461958704
278 18 261.69280913724185

279 9 574.0531153718975
279 10 730.6130559278698
279 11 887.1729964838419
279 12 1043.732937039814
279 13 1043.732937039814
279 14 887.1729964838419
279 15 730.6130559278698
279 16 574.0531153718975
279 17 417.4931748159255
279 18 260.9332342599534

280 9 572.3688601523728
280 10 728.4694583757473
280 11 884.5700565991217
280 12 1040.670654822496
280 13 1040.670654822496
280 14 884.5700565991217
280 15 728.4694583757473
280 16 572.3688601523728
280 17 416.26826192899836
280 18 260.1676637056239

281 9 570.6715392159614
281 10 726.3092317294056
281 11 881.9469242428496
281 12 1037.5846167562936
281 13 1037.5846167562936
281 14 881.9469242428496
281 15 726.3092317294056
281 16 570.6715392159614
281 17 415.0338467025174
281 18 259.39615418907334

282 9 568.9612783031985
282 10 724.1325360222527
282 11 879.3037937413069
282 12 1034.4750514603609
282 13 1034.4750514603609
282 14 879.3037937413069
282 15 724.1325360222527
282 16 568.9612783031985
282 17 413.7900205841443
282 18 258.61876286509016

283 9 567.238204113235
283 10 721.9395325077538
283 11 876.6408609022725
283 12 1031.342189296791
283 13 1031.342189296791
283 14 876.6408609022725
283 15 721.9395325077538
283 16 567.238204113235
283 17 412.5368757187164
283 18 257.8355473241977

284 9 565.5024442944527
284 10 719.7303836474854
284 11 873.9583230005179
284 12 1028.1862623535505
284 13 1028.1862623535505
284 14 873.9583230005179
284 15 719.7303836474854
284 16 565.5024442944527
284 17 411.2745049414201
284 18 257.0465655883875

285 9 563.7541274350067
285 10 717.5052530990996
285 11 871.2563787631924
285 12 1025.007504427285
285 13 1025.007504427285
285 14 871.2563787631924
285 15 717.5052530990996
285 16 563.7541274350067
285 17 410.00300177091395
285 18 256.2518761068212

286 9 561.9933830533002
286 10 715.2643057042005
286 11 868.5352283551006
286 12 1021.8061510060007
286 13 1021.8061510060007
286 14 868.5352283551006
286 15 715.2643057042005
286 16 561.9933830533002
286 17 408.7224604024002
286 18 255.45153775150007

287 9 560.2203415883889
287 10 713.0077074761315
287 11 865.7950733638739
287 12 1018.5824392516164
287 13 1018.5824392516164
287 14 865.7950733638739
287 15 713.0077074761315
287 16 560.2203415883889
287 17 407.43297570064647
287 18 254.645609812904

288 9 558.4351343903185
288 10 710.7356255876782
288 11 863.0361167850378
288 12 1015.3366079823974
288 13 1015.3366079823974
288 14 863.0361167850378
288 15 710.7356255876782
288 16 558.4351343903185
288 17 406.1346431929589
288 18 253.83415199559926

289 9 556.6378937103932
289 10 708.4482283586824
289 11 860.2585630069715
289 12 1012.0688976552606
289 13 1012.0688976552606
289 14 860.2585630069715
289 15 708.4482283586824
289 16 556.6378937103932
289 17 404.82755906210417
289 18 253.01722441381506

290 9 554.8287526913796
290 10 706.145685243574
290 11 857.4626177957686
290 12 1008.779550347963
290 13 1008.779550347963
290 14 857.4626177957686
290 15 706.145685243574
290 16 554.8287526913796
290 17 403.5118201391851
290 18 252.19488758699063

291 9 553.0078453576415
291 10 703.8281668188166
291 11 854.6484882799915
291 12 1005.4688097411665
291 13 1005.4688097411665
291 14 854.6484882799915
291 15 703.8281668188166
291 16 553.0078453576415
291 17 402.18752389646653
291 18 251.36720243529155

292 9 551.1753066052129
292 10 701.4958447702711
292 11 851.8163829353291
292 12 1002.1369211003872
292 13 1002.1369211003872
292 14 851.8163829353291
292 15 701.4958447702711
292 16 551.1753066052129
292 17 400.85476844015477
292 18 250.53423027509672

293 9 549.3312721918034
293 10 699.1488918804771
293 11 848.9665115691507
293 12 998.7841312578245
293 13 998.7841312578245
293 14 848.9665115691507
293 15 699.1488918804771
293 16 549.3312721918034
293 17 399.51365250312966
293 18 249.696032814456

294 9 547.4758787267417
294 10 696.7874820158531
294 11 846.0990853049645
294 12 995.410688594076
294 13 995.410688594076
294 14 846.0990853049645
294 15 696.7874820158531
294 16 547.4758787267417
294 17 398.1642754376303
294 18 248.8526721485189

295 9 545.6092636608549
295 10 694.4117901138155
295 11 843.214316566776
295 12 992.0168430197365
295 13 992.0168430197365
295 14 843.214316566776
295 15 694.4117901138155
295 16 545.6092636608549
295 17 396.8067372078945
295 18 248.00421075493404

296 9 543.7315652762866
296 10 692.0219921698194
296 11 840.3124190633522
296 12 988.602845956885
296 13 988.602845956885
296 14 840.3124190633522
296 15 692.0219921698194
296 16 543.7315652762866
296 17 395.4411383827539
296 18 247.15071148922112

297 9 541.8429226762515
297 10 689.6182652243202
297 11 837.3936077723889
297 12 985.1689503204575
297 13 985.1689503204575
297 14 837.3936077723889
297 15 689.6182652243202
297 16 541.8429226762515
297 17 394.0675801281829
297 18 246.2922375801143

298 9 539.9434757747318
298 10 687.2007873496589
298 11 834.4580989245858
298 12 981.7154104995127
298 13 981.7154104995127
298 14 834.4580989245858
298 15 687.2007873496589
298 16 539.9434757747318
298 17 392.686164199805
298 18 245.4288526248781

299 9 538.0333652861111
299 10 684.7697376368687
299 11 831.5061099876264
299 12 978.242482338384
299 13 978.242482338384
299 14 831.5061099876264
299 15 684.7697376368687
299 16 538.0333652861111
299 17 391.2969929353535
299 18 244.5606205845959

300 9 536.1127327147503
300 10 682.3252961824097
300 11 828.537859650069
300 12 974.7504231177281
300 13 974.7504231177281
300 14 828.537859650069
300 15 682.3252961824097
300 16 536.1127327147503
300 17 389.9001692470912
300 18 243.68760577943195

301 9 534.1817203445052
301 10 679.8676440748249
301 11 825.5535678051444
301 12 971.239491535464
301 13 971.239491535464
301 14 825.5535678051444
301 15 679.8676440748249
301 16 534.1817203445052
301 17 388.49579661418556
301 18 242.80987288386592

302 9 532.240471228185
302 10 677.3969633813266
302 11 822.553455534468
302 12 967.7099476876094
302 13 967.7099476876094
302 14 822.553455534468
302 15 677.3969633813266
302 16 532.240471228185
302 17 387.08397907504366
302 18 241.92748692190224

303 9 530.2891291769555
303 10 674.9134371343071
303 11 819.5377450916586
303 12 964.1620530490102
303 13 964.1620530490102
303 14 819.5377450916586
303 15 674.9134371343071
303 16 530.2891291769555
303 17 385.66482121960394
303 18 241.04051326225243

304 9 528.3278387496847
304 10 672.4172493177806
304 11 816.5066598858765
304 12 960.5960704539724
304 13 960.5960704539724
304 14 816.5066598858765
304 15 672.4172493177806
304 16 528.3278387496847
304 17 384.23842818158886
304 18 240.149017613493

305 9 526.3567452422338
305 10 669.9085848537524
305 11 813.4604244652706
305 12 957.012264076789
305 13 957.012264076789
305 14 813.4604244652706
305 15 669.9085848537524
305 16 526.3567452422338
305 17 382.8049056307155
305 18 239.25306601919718

306 9 524.3759946766942
306 10 667.38762958852
306 11 810.3992645003457
306 12 953.4108994121715
306 13 953.4108994121715
306 14 810.3992645003457
306 15 667.38762958852
306 16 524.3759946766942
306 17 381.3643597648685
306 18 238.3527248530428

307 9 522.3857337905681
307 10 664.8545702789049
307 11 807.3234067672417
307 12 949.7922432555786
307 13 949.7922432555786
307 14 807.3234067672417
307 15 664.8545702789049
307 16 522.3857337905681
307 17 379.91689730223135
307 18 237.44806081389456

308 9 520.3861100259
308 10 662.3095945784183
308 11 804.2330791309366
308 12 946.1565636834548
308 13 946.1565636834548
308 14 804.2330791309366
308 15 662.3095945784183
308 16 520.3861100259
308 17 378.4626254733818
308 18 236.53914092086362

309 9 518.3772715183526
309 10 659.752891023358
309 11 801.1285105283632
309 12 942.5041300333685
309 13 942.5041300333685
309 14 801.1285105283632
309 15 659.752891023358
309 16 518.3772715183526
309 17 377.0016520133473
309 18 235.62603250834204

310 9 516.359367086233
310 10 657.1846490188422
310 11 798.0099309514512
310 12 938.8352128840602
310 13 938.8352128840602
310 14 798.0099309514512
310 15 657.1846490188422
310 16 516.359367086233
310 17 375.534085153624
310 18 234.70880322101496

311 9 514.3325462194683
311 10 654.605058824778
311 11 794.8775714300875
311 12 935.1500840353971
311 13 935.1500840353971
311 14 794.8775714300875
311 15 654.605058824778
311 16 514.3325462194683
311 17 374.0600336141587
311 18 233.78752100884918

312 9 512.2969590685306
312 10 652.0143115417663
312 11 791.731664015002
312 12 931.4490164882376
312 13 931.4490164882376
312 14 791.731664015002
312 15 652.0143115417663
312 16 512.2969590685306
312 17 372.579606595295
312 18 232.8622541220593

313 9 510.2527564333137
313 10 649.4125990969449
313 11 788.5724417605759
313 12 927.7322844242069
313 13 927.7322844242069
313 14 788.5724417605759
313 15 649.4125990969449
313 16 510.2527564333137
313 17 371.0929137696827
313 18 231.93307110605164

314 9 508.20008975196225
314 10 646.8001142297702
314 11 785.4001387075781
314 12 924.000163185386
314 13 924.000163185386
314 14 785.4001387075781
314 15 646.8001142297702
314 16 508.20008975196225
314 17 369.6000652741543
314 18 231.0000407963464

315 9 506.1391110896515
315 10 644.1770504777385
315 11 782.2149898658253
315 12 920.252929253912
315 13 920.252929253912
315 14 782.2149898658253
315 15 644.1770504777385
315 16 506.1391110896515
315 17 368.10117170156474
315 18 230.06323231347793

316 9 504.06997312732403
316 10 641.5436021620488
316 11 779.0172311967737
316 12 916.4908602314985
316 13 916.4908602314985
316 14 779.0172311967737
316 15 641.5436021620488
316 16 504.06997312732403
316 17 366.5963440925993
316 18 229.12271505787453

317 9 501.99282915037685
317 10 638.899964373207
317 11 775.8070995960371
317 12 912.7142348188672
317 13 912.7142348188672
317 14 775.8070995960371
317 15 638.899964373207
317 16 501.99282915037685
317 17 365.0856939275468
317 18 228.17855870471672

318 9 499.9078330373072
318 10 636.2463329565729
318 11 772.5848328758386
318 12 908.9233327951042
318 13 908.9233327951042
318 14 772.5848328758386
318 15 636.2463329565729
318 16 499.9078330373072
318 17 363.5693331180416
318 18 227.23083319877597

319 9 497.8151392483122
319 10 633.582904497852
319 11 769.3506697473917
319 12 905.1184349969315
319 13 905.1184349969315
319 14 769.3506697473917
319 15 633.582904497852
319 16 497.8151392483122
319 17 362.0473739987725
319 18 226.27960874923278

320 9 495.71490281384666
320 10 630.9098763085323
320 11 766.1048498032177
320 12 901.2998232979031
320 13 901.2998232979031
320 14 766.1048498032177
320 15 630.9098763085323
320 16 495.71490281384666
320 17 360.5199293191612
320 18 225.3249558244757

321 9 493.6072793231376
321 10 628.2274464112661
321 11 762.8476134993946
321 12 897.4677805875231
321 13 897.4677805875231
321 14 762.8476134993946
321 15 628.2274464112661
321 16 493.6072793231376
321 17 358.98711223500914
321 18 224.36694514688068

322 9 491.4924249126586
322 10 625.5358135252019
322 11 759.5792021377453
322 12 893.6225907502885
322 13 893.6225907502885
322 14 759.5792021377453
322 15 625.5358135252019
322 16 491.4924249126586
322 17 357.4490363001153
322 18 223.40564768757204

323 9 489.370496254562
323 10 622.8351770512608
323 11 756.2998578479595
323 12 889.7645386446583
323 13 889.7645386446583
323 14 756.2998578479595
323 15 622.8351770512608
323 16 489.370496254562
323 17 355.90581545786324
323 18 222.44113466116448

324 9 487.2416505450736
324 10 620.1257370573665
324 11 753.0098235696593
324 12 885.8939100819521
324 13 885.8939100819521
324 14 753.0098235696593
324 15 620.1257370573665
324 16 487.2416505450736
324 17 354.3575640327808
324 18 221.47347752048793

325 9 485.10604549284585
325 10 617.4076942636221
325 11 749.7093430343982
325 12 882.0109918051744
325 13 882.0109918051744
325 14 749.7093430343982
325 15 617.4076942636221
325 16 485.10604549284585
325 17 352.80439672206967
325 18 220.50274795129351

326 9 482.963839307276
326 10 614.6812500274423
326 11 746.3986607476085
326 12 878.1160714677746
326 13 878.1160714677746
326 14 746.3986607476085
326 15 614.6812500274423
326 16 482.963839307276
326 17 351.2464285871098
326 18 219.52901786694358

327 9 480.81519068678415
327 10 611.9466063286345
327 11 743.0780219704848
327 12 874.209437612335
327 13 874.209437612335
327 14 743.0780219704848
327 15 611.9466063286345
327 16 480.81519068678415
327 17 349.6837750449339
327 18 218.55235940308367

328 9 478.6602588070581
328 10 609.2039657544376
328 11 739.7476727018171
328 12 870.2913796491966
328 13 870.2913796491966
328 14 739.7476727018171
328 15 609.2039657544376
328 16 478.6602588070581
328 17 348.11655185967857
328 18 217.57284491229908

329 9 476.4992033092603
329 10 606.4535314845132
329 11 736.407859659766
329 12 866.3621878350189
329 13 866.3621878350189
329 14 736.407859659766
329 15 606.4535314845132
329 16 476.4992033092603
329 17 346.54487513400744
329 18 216.59054695875463

330 9 474.33218428820135
330 10 603.6955072758927
330 11 733.058830263584
330 12 862.4221532512753
330 13 862.4221532512753
330 14 733.058830263584
330 15 603.6955072758927
330 16 474.33218428820135
330 17 344.96886130051
330 18 215.60553831281874

331 9 472.1593622804806
331 10 600.9300974478846
331 11 729.7008326152884
331 12 858.4715677826922
331 13 858.4715677826922
331 14 729.7008326152884
331 15 600.9300974478846
331 16 472.1593622804806
331 17 343.3886271130768
331 18 214.61789194567297

332 9 469.980898252593
332 10 598.1575068669367
332 11 726.3341154812803
332 12 854.5107240956239
332 13 854.5107240956239
332 14 726.3341154812803
332 15 598.1575068669367
332 16 469.980898252593
332 17 341.8042896382495
332 18 213.6276810239059

333 9 467.79695358900375
333 10 595.3779409314594
333 11 722.958928273915
333 12 850.5399156163705
333 13 850.5399156163705
333 14 722.958928273915
333 15 595.3779409314594
333 16 467.79695358900375
333 17 340.21596624654813
333 18 212.63497890409255

334 9 465.6076900801939
334 10 592.5916055566105
334 11 719.575521033027
334 12 846.5594365094436
334 13 846.5594365094436
334 14 719.575521033027
334 15 592.5916055566105
334 16 465.6076900801939
334 17 338.62377460377735
334 18 211.6398591273608

335 9 463.4132699106733
335 10 589.7987071590388
335 11 716.1841444074043
335 12 842.5695816557698
335 13 842.5695816557698
335 14 716.1841444074043
335 15 589.7987071590388
335 16 463.4132699106733
335 17 337.02783266230784
335 18 210.64239541394238

336 9 461.21385564696703
336 10 586.9994526415945
336 11 712.7850496362219
336 12 838.5706466308493
336 13 838.5706466308493
336 14 712.7850496362219
336 15 586.9994526415945
336 16 461.21385564696703
336 17 335.42825865233965
336 18 209.64266165771224

337 9 459.0096102255708
337 10 584.1940493779994
337 11 709.3784885304277
337 12 834.5629276828562
337 13 834.5629276828562
337 14 709.3784885304277
337 15 584.1940493779994
337 16 459.0096102255708
337 17 333.82517107314237
337 18 208.64073192071396

338 9 456.80069694088155
338 10 581.3827051974857
338 11 705.9647134540897
338 12 830.5467217106939
338 13 830.5467217106939
338 14 705.9647134540897
338 15 581.3827051974857
338 16 456.80069694088155
338 17 332.2186886842775
338 18 207.63668042767338

339 9 454.58727943309964
339 10 578.5656283693996
339 11 702.5439773056996
339 12 826.5223262419995
339 13 826.5223262419995
339 14 702.5439773056996
339 15 578.5656283693996
339 16 454.58727943309964
339 17 330.60893049679976
339 18 206.6305815604998

340 9 452.3695216761061
340 10 575.7430275877715
340 11 699.1165334994369
340 12 822.4900394111022
340 13 822.4900394111022
340 14 699.1165334994369
340 15 575.7430275877715
340 16 452.3695216761061
340 17 328.9960157644408
340 18 205.62250985277547

341 9 450.1475879653154
341 10 572.915111955856
341 11 695.6826359463965
341 12 818.4501599369371
341 13 818.4501599369371
341 14 695.6826359463965
341 15 572.915111955856
341 16 450.1475879653154
341 17 327.38006397477477
341 18 204.61253998423422

342 9 447.92164290550414
342 10 570.0820909706417
342 11 692.2425390357793
342 12 814.4029871009167
342 13 814.4029871009167
342 14 692.2425390357793
342 15 570.0820909706417
342 16 447.92164290550414
342 17 325.7611948403666
342 18 203.6007467752291

343 9 445.69185139861634
343 10 567.2441745073301
343 11 688.7964976160436
343 12 810.3488207247572
343 13 810.3488207247572
343 14 688.7964976160436
343 15 567.2441745073301
343 16 445.69185139861634
343 17 324.1395282899028
343 18 202.5872051811892

344 9 443.4583786315484
344 10 564.4015728037889
344 11 685.3447669760294
344 12 806.2879611482699
344 13 806.2879611482699
344 14 685.3447669760294
344 15 564.4015728037889
344 16 443.4583786315484
344 17 322.5151844593079
344 18 201.5719902870674

345 9 441.22139006391
345 10 561.5544964449765
345 11 681.8876028260429
345 12 802.2207092071093
345 13 802.2207092071093
345 14 681.8876028260429
345 15 561.5544964449765
345 16 441.22139006391
345 17 320.8882836828436
345 18 200.55517730177723

346 9 438.9810514157684
346 10 558.7031563473417
346 11 678.425261278915
346 12 798.1473662104881
346 13 798.1473662104881
346 14 678.425261278915
346 15 558.7031563473417
346 16 438.9810514157684
346 17 319.2589464841952
346 18 199.53684155262195

347 9 436.7375286553702
347 10 555.8477637431986
347 11 674.9579988310268
347 12 794.0682339188551
347 13 794.0682339188551
347 14 674.9579988310268
347 15 555.8477637431986
347 16 436.7375286553702
347 17 317.627293567542
347 18 198.51705847971368

348 9 434.4909879868468
348 10 552.9885301650778
348 11 671.4860723433088
348 12 789.9836145215398
348 13 789.9836145215398
348 14 671.4860723433088
348 15 552.9885301650778
348 16 434.4909879868468
348 17 315.99344580861583
348 18 197.49590363038487

349 9 432.2415958379019
349 10 550.1256674300571
349 11 668.0097390222121
349 12 785.8938106143672
349 13 785.8938106143672
349 14 668.0097390222121
349 15 550.1256674300571
349 16 432.2415958379019
349 17 314.35752424574684
349 18 196.47345265359172

350 9 429.98951884748124
350 10 547.2593876240671
350 11 664.529256400653
350 12 781.7991251772388
350 13 781.7991251772388
350 14 664.529256400653
350 15 547.2593876240671
350 16 429.98951884748124
350 17 312.71965007089545
350 18 195.44978129430962

351 9 427.734923853429
351 10 544.3899030861825
351 11 661.0448823189358
351 12 777.6998615516892
351 13 777.6998615516892
351 14 661.0448823189358
351 15 544.3899030861825
351 16 427.734923853429
351 17 311.07994462067563
351 18 194.4249653879222

352 9 425.4779778801273
352 10 541.5174263928894
352 11 657.5568749056514
352 12 773.5963234184135
352 13 773.5963234184135
352 14 657.5568749056514
352 15 541.5174263928894
352 16 425.4779778801273
352 17 309.4385293673653
352 18 193.39908085460328

353 9 423.21884812612274
353 10 538.6421703423381
353 11 654.0654925585535
353 12 769.4888147747688
353 13 769.4888147747688
353 14 654.0654925585535
353 15 538.6421703423381
353 16 423.21884812612274
353 17 307.79552590990744
353 18 192.37220369369211

354 9 420.9577019517406
354 10 535.764347938579
354 11 650.5709939254174
354 12 765.3776399122557
354 13 765.3776399122557
354 14 650.5709939254174
354 15 535.764347938579
354 16 420.9577019517406
354 17 306.15105596490224
354 18 191.34440997806385

355 9 418.6947068666858
355 10 532.884172375782
355 11 647.0736378848782
355 12 761.2631033939743
355 13 761.2631033939743
355 14 647.0736378848782
355 15 532.884172375782
355 16 418.6947068666858
355 17 304.5052413575896
355 18 190.3157758484935

356 9 416.4300305176342
356 10 530.0018570224436
356 11 643.5736835272529
356 12 757.1455100320622
356 13 757.1455100320622
356 14 643.5736835272529
356 15 530.0018570224436
356 16 416.4300305176342
356 17 302.85820401282484
356 18 189.28637750801548

357 9 414.1638406758124
357 10 527.1176154055796
357 11 640.0713901353466
357 12 753.0251648651137
357 13 753.0251648651137
357 14 640.0713901353466
357 15 527.1176154055796
357 16 414.1638406758124
357 17 301.2100659460454
357 18 188.25629121627836

358 9 411.89630522456923
358 10 524.2316611949065
358 11 636.5670171652434
358 12 748.9023731355805
358 13 748.9023731355805
358 14 636.5670171652434
358 15 524.2316611949065
358 16 411.89630522456923
358 17 299.5609492542322
358 18 187.22559328389508

359 9 409.627592146939
359 10 521.3442081870134
359 11 633.0608242270877
359 12 744.777440267162
359 13 744.777440267162
359 14 633.0608242270877
359 15 521.3442081870134
359 16 409.627592146939
359 17 297.9109761068647
359 18 186.1943600667904

360 9 407.357869513196
360 10 518.4554702895223
360 11 629.5530710658485
360 12 740.6506718421747
360 13 740.6506718421747
360 14 629.5530710658485
360 15 518.4554702895223
360 16 407.357869513196
360 17 296.2602687368698
360 18 185.16266796054362

361 9 405.0873054684048
361 10 515.5656615052426
361 11 626.0440175420803
361 12 736.522373578918
361 13 736.522373578918
361 14 626.0440175420803
361 15 515.5656615052426
361 16 405.0873054684048
361 17 294.6089494315671
361 18 184.13059339472943

362 9 402.81606821996303
362 10 512.6749959163167
362 11 622.5339236126703
362 12 732.3928513090239
362 13 732.3928513090239
362 14 622.5339236126703
362 15 512.6749959163167
362 16 402.81606821996303
362 17 292.95714052360944
362 18 183.09821282725588

363 9 400.54432602514026
363 10 509.7836876683604
363 11 619.0230493115805
363 12 728.2624109548005
363 13 728.2624109548005
363 14 619.0230493115805
363 15 509.7836876683604
363 16 400.54432602514026
363 17 291.3049643819202
363 18 182.06560273870008

364 9 398.2722471786137
364 10 506.8919509545994
364 11 615.511654730585
364 12 724.1313585065706
364 13 724.1313585065706
364 14 615.511654730585
364 15 506.8919509545994
364 16 398.2722471786137
364 17 289.65254340262817
364 18 181.03283962664258

365 9 395.99999999999994
365 10 504.0
365 11 612.0
365 12 720.0
365 13 720.0
365 14 612.0
365 15 504.0
365 16 395.99999999999994
365 17 287.99999999999994
365 18 179.99999999999991

