1 8 4937.32
1 9 7344.72
1 10 9577
1 11 11329.2
1 12 12219.8
1 13 11300
1 14 9539.38
1 15 7307.87
1 16 4906.24
1 17 0

2 8 4951.14
2 9 7360.19
2 10 9593.42
2 11 11344.2
2 12 12234.8
2 13 11314.9
2 14 9555.72
2 15 7323.32
2 16 4920.04
2 17 0

3 8 4966.11
3 9 7376.91
3 10 9611.14
3 11 11360.3
3 12 12250.9
3 13 11331
3 14 9573.38
3 15 7340.03
3 16 4934.97
3 17 0

4 8 4982.2
4 9 7394.86
4 10 9630.16
4 11 11377.5
4 12 12268.2
4 13 11348.2
4 14 9592.32
4 15 7357.98
4 16 4951.04
4 17 0

5 8 4999.43
5 9 7415.03
5 10 9650.46
5 11 11395.9
5 12 12286.5
5 13 11366.5
5 14 9612.55
5 15 7377.16
5 16 4968.24
5 17 0

6 8 5017.76
6 9 7435.59
6 10 9672.03
6 11 11415.4
6 12 12307.4
6 13 11386
6 14 9634.04
6 15 7397.56
6 16 4986.56
6 17 0

7 8 5038.02
7 9 7457.39
7 10 9694.86
7 11 11436
7 12 12328.2
7 13 11406.5
7 14 9656.8
7 15 7419.17
7 16 5005.98
7 17 0

8 8 5058.73
8 9 7480.4
8 10 9718.93
8 11 11457.7
8 12 12350
8 13 11428.2
8 14 9680.8
8 15 7441.98
8 16 5026.52
8 17 0

9 8 5058.32
9 9 7479.8
9 10 9718.15
9 11 11456.8
9 12 12349
9 13 11427.3
9 14 9680.02
9 15 7441.38
9 16 5026.12
9 17 0

10 8 5080.09
10 9 7503.95
10 10 9743.35
10 11 11479.5
10 12 12371.9
10 13 11449.9
10 14 9705.15
10 15 7465.31
10 16 5047.7
10 17 0

11 8 5102.97
11 9 7529.29
11 10 9769.76
11 11 11503.2
11 12 12395.7
11 13 11473.6
11 14 9731.5
11 15 7490.41
11 16 5070.37
11 17 0

12 8 5126.95
12 9 7555.82
12 10 9797.36
12 11 11527.9
12 12 12420.7
12 13 11498.3
12 14 9759.04
12 15 7516.66
12 16 5094.11
12 17 0

13 8 5152.02
13 9 7583.51
13 10 9826.13
13 11 11553.7
13 12 12446.6
13 13 11524
13 14 9787.76
13 15 7544.06
13 16 5118.93
13 17 0

14 8 5178.16
14 9 7612.36
14 10 9856.06
14 11 11580.5
14 12 12473.6
14 13 11550.8
14 14 9817.64
14 15 7572.59
14 16 5144.8
14 17 0

15 8 5205.38
15 9 7642.35
15 10 9887.13
15 11 11609.6
15 12 12501.6
15 13 11578.5
15 14 9848.67
15 15 7602.23
15 16 5171.72
15 17 0

16 8 5233.66
16 9 7673.46
16 10 9919.3
16 11 11638.6
16 12 12530.6
16 13 11607.2
16 14 9880.81
16 15 7632.97
16 16 5199.67
16 17 0

17 8 5262.98
17 9 7705.68
17 10 9952.57
17 11 11668.6
17 12 12560.5
17 13 11636.8
17 14 9914.06
17 15 7664.78
17 16 5228.65
17 17 0

18 8 5293.35
18 9 7738.98
18 10 9988.05
18 11 11699.5
18 12 12591.3
18 13 11667.4
18 14 9948.38
18 15 7697.65
18 16 5258.63
18 17 0

19 8 5324.73
19 9 7773.36
19 10 10023.7
19 11 11731.4
19 12 12623
19 13 11698.8
19 14 9983.76
19 15 7732.5
19 16 5289.61
19 17 0

20 8 5357.13
20 9 7808.79
20 10 10060.5
20 11 11764.1
20 12 12655.7
20 13 11731.1
20 14 10020.2
20 15 7767.72
20 16 5322.33
20 17 0

21 8 5390.52
21 9 7845.26
21 10 10098.3
21 11 11797.8
21 12 12689.2
21 13 11764.3
21 14 10057.6
21 15 7803.98
21 16 5355.51
21 17 0

22 8 5424.9
22 9 7882.73
22 10 10137.2
22 11 11832.3
22 12 12723.5
22 13 11798.3
22 14 10096
22 15 7841.27
22 16 5389.68
22 17 0

23 8 5460.24
23 9 7921.2
23 10 10177
23 11 11867.6
23 12 12758.6
23 13 11833.1
23 14 10135.4
23 15 7879.57
23 16 5424.83
23 17 0

24 8 5496.53
24 9 7960.63
24 10 10217.8
24 11 11903.8
24 12 12794.6
24 13 11868.6
24 14 10175.7
24 15 7918.85
24 16 5460.95
24 17 0

25 8 5533.76
25 9 8001.01
25 10 10259.6
25 11 11940.7
25 12 12831.2
25 13 11906.1
25 14 10216.9
25 15 7959.1
25 16 5498.02
25 17 0

26 8 5571.9
26 9 8042.32
26 10 10353
26 11 11978.4
26 12 12868.7
26 13 11944.8
26 14 10309.5
26 15 8000.29
26 16 5536.02
26 17 0

27 8 5610.94
27 9 8084.52
27 10 10391.9
27 11 12016.9
27 12 12908.2
27 13 11983.2
27 14 10347.8
27 15 8042.39
27 16 5574.94
27 17 0

28 8 5650.86
28 9 8127.59
28 10 10431.6
28 11 12056
28 12 12947.4
28 13 12022.3
28 14 10388.2
28 15 8085.39
28 16 5614.75
28 17 0

29 8 5691.65
29 9 8171.51
29 10 10471.9
29 11 12095.8
29 12 12987.3
29 13 12062.2
29 14 10428.3
29 15 8129.26
29 16 5655.45
29 17 0

30 8 5733.27
30 9 8216.25
30 10 10513
30 11 12136.3
30 12 13027.8
30 13 12102.7
30 14 10469.2
30 15 8173.97
30 16 5697
30 17 0

31 8 5775.71
31 9 8262.73
31 10 10554.7
31 11 12177.3
31 12 13068.9
31 13 12143.9
31 14 10510.7
31 15 8219.49
31 16 5739.4
31 17 0

32 8 6106.04
32 9 8718.11
32 10 11118.2
32 11 12820
32 12 13755.5
32 13 12785.1
32 14 11071.8
32 15 8672.33
32 16 6067
32 17 0

33 8 6152.63
33 9 8767.98
33 10 11163.2
33 11 12864.3
33 12 13799.9
33 13 12829.6
33 14 11116.7
33 15 8721.72
33 16 6113.18
33 17 0

34 8 6200.08
34 9 8818.67
34 10 11208.9
34 11 12909.1
34 12 13844.9
34 13 12874.8
34 14 11162.3
34 15 8771.88
34 16 6160.18
34 17 0

35 8 6248.37
35 9 8870.17
35 10 11255.1
35 11 12954.5
35 12 13890.4
35 13 12920.5
35 14 11208.4
35 15 8822.79
35 16 6207.97
35 17 0

36 8 6297.49
36 9 8922.43
36 10 11301.8
36 11 13001.7
36 12 13938.1
36 13 12966.7
36 14 11255.1
36 15 8874.4
36 16 6256.52
36 17 0

37 8 6347.41
37 9 8975.43
37 10 11349
37 11 13048.5
37 12 13985.1
37 13 13013.5
37 14 11302.3
37 15 8926.68
37 16 6305.82
37 17 0

38 8 6398.09
38 9 9029.14
38 10 11398.4
38 11 13097.2
38 12 14032.6
38 13 13060.8
38 14 11350
38 15 8980.71
38 16 6355.84
38 17 0

39 8 6449.52
39 9 9083.51
39 10 11447.2
39 11 13145.3
39 12 14080.6
39 13 13108.4
39 14 11398.2
39 15 9034.78
39 16 6407.56
39 17 0

40 8 6501.67
40 9 9138.52
40 10 11496.5
40 11 13194
40 12 14129.1
40 13 13156.5
40 14 11446.8
40 15 9089.53
40 16 6459.41
40 17 0

41 8 6554.51
41 9 9194.14
41 10 11546.2
41 11 13243.1
41 12 14177.9
41 13 13205
41 14 11495.8
41 15 9144.93
41 16 6511.99
41 17 0

42 8 6608.02
42 9 9250.33
42 10 11596.5
42 11 13292.6
42 12 14227.1
42 13 13253.8
42 14 11545.2
42 15 9200.95
42 16 6565.28
42 17 0

43 8 6662.16
43 9 9307.05
43 10 11647.1
43 11 13342.6
43 12 14276.7
43 13 13304.7
43 14 11594.9
43 15 9257.54
43 16 6619.25
43 17 4088.32

44 8 6716.91
44 9 9364.27
44 10 11698.1
44 11 13392.8
44 12 14326.6
44 13 13354.7
44 14 11646.7
44 15 9314.68
44 16 6673.86
44 17 4136.42

45 8 6772.24
45 9 9421.95
45 10 11749.4
45 11 13443.4
45 12 14406.8
45 13 13405.2
45 14 11699
45 15 9372.33
45 16 6729.09
45 17 4185.51

46 8 6828.11
46 9 9480.06
46 10 11801
46 11 13494.2
46 12 14488.9
46 13 13455.9
46 14 11750.5
46 15 9430.45
46 16 6784.91
46 17 4235.3

47 8 6885.36
47 9 9540.11
47 10 11852.9
47 11 13545.3
47 12 14540.2
47 13 13506.9
47 14 11802.4
47 15 9489
47 16 6841.28
47 17 4285.78

48 8 6942.75
48 9 9599.68
48 10 11905
48 11 13596.6
48 12 14591.7
48 13 13558.2
48 14 11854.6
48 15 9547.95
48 16 6898.18
48 17 4336.92

49 8 7000.72
49 9 9659.69
49 10 11957.3
49 11 13676.3
49 12 14643.4
49 13 13637.8
49 14 11907.1
49 15 9607.27
49 16 6955.57
49 17 4388.69

50 8 7059.22
50 9 9720.11
50 10 12009.8
50 11 13729.3
50 12 14695.4
50 13 13689.4
50 14 11959.8
50 15 9666.9
50 16 7013.43
50 17 4441.07

51 8 7118.23
51 9 9830.76
51 10 12063.9
51 11 13810
51 12 14747.4
51 13 13770.9
51 14 12012.7
51 15 9776.4
51 16 7071.71
51 17 4494.04

52 8 7177.71
52 9 9885.85
52 10 12117.3
52 11 13862.6
52 12 14801.4
52 13 13823.2
52 14 12065.7
52 15 9831.99
52 16 7130.4
52 17 4547.58

53 8 7237.63
53 9 9941.16
53 10 12171
53 11 13915.5
53 12 14854.4
53 13 13875.7
53 14 12118.8
53 15 9887.02
53 16 7190.61
53 17 4601.65

54 8 7297.95
54 9 9996.63
54 10 12226.1
54 11 13968.5
54 12 14907.5
54 13 13928.3
54 14 12172.1
54 15 9942.3
54 16 7250.63
54 17 4656.23

55 8 7358.65
55 9 10052.2
55 10 12280.2
55 11 14021.5
55 12 14960.8
55 13 13982.5
55 14 12225.3
55 15 9997.77
55 16 7311.07
55 17 4711.3

56 8 7419.67
56 9 10108
56 10 12334.5
56 11 14074.7
56 12 15014.3
56 13 14035.9
56 14 12280.3
56 15 10053.4
56 16 7371.91
56 17 4766.83

57 8 7481
57 9 10163.7
57 10 12388.8
57 11 14127.8
57 12 15067.8
57 13 14089.5
57 14 12334.4
57 15 10109.2
57 16 7433.1
57 17 4823.49

58 8 7542.58
58 9 10219.5
58 10 12443.2
58 11 14182.3
58 12 15121.4
58 13 14143.2
58 14 12388.6
58 15 10165.1
58 16 7494.62
58 17 4880.34

59 8 7604.4
59 9 10276.9
59 10 12497.5
59 11 14235.9
59 12 15176.8
59 13 14197
59 14 12442.9
59 15 10221
59 16 7556.42
59 17 4937.68

60 8 8026.96
60 9 10817.9
60 10 13140.1
60 11 14989
60 12 15945.2
60 13 14918.8
60 14 13083
60 15 10758.7
60 16 7975.58
60 17 5229.64

61 8 8092.75
61 9 10877.3
61 10 13196.9
61 11 15046.7
61 12 16002.3
61 13 14975.2
61 14 13139.7
61 15 10817.2
61 16 8040.75
61 17 5290.61

62 8 8158.82
62 9 10936.7
62 10 13282.4
62 11 15103.6
62 12 16059.6
62 13 15031.6
62 14 13196.5
62 15 10875.8
62 16 8106.11
62 17 5351.99

63 8 8225.13
63 9 10996.1
63 10 13339.8
63 11 15160.7
63 12 16116.8
63 13 15088.1
63 14 13280.2
63 15 10935.4
63 16 8171.61
63 17 5413.77

64 8 8291.65
64 9 11055.5
64 10 13397.2
64 11 15217.9
64 12 16176.2
64 13 15144.5
64 14 13363.9
64 15 10994.5
64 16 8237.23
64 17 5475.89

65 8 8358.32
65 9 11114.8
65 10 13454.6
65 11 15275.4
65 12 16234.2
65 13 15202.6
65 14 13420.3
65 15 11053.7
65 16 8304.25
65 17 5538.34

66 8 8425.12
66 9 11174.1
66 10 13511.9
66 11 15333.1
66 12 16292.2
66 13 15259.8
66 14 13478.2
66 15 11112.8
66 16 8370.74
66 17 5601.08

67 8 8491.99
67 9 11233.2
67 10 13569
67 11 15390.8
67 12 16350
67 13 15318.7
67 14 13535.1
67 15 11171.8
67 16 8437.39
67 17 5664.07

68 8 8558.9
68 9 11292.1
68 10 13626
68 11 15448.3
68 12 16407.8
68 13 15376.6
68 14 13592
68 15 11230.8
68 16 8504.15
68 17 5727.28

69 8 8625.81
69 9 11352
69 10 13710
69 11 15505.7
69 12 16467.1
69 13 15434.5
69 14 13648.7
69 15 11289.6
69 16 8570.99
69 17 5791.52

70 8 8692.68
70 9 11411.3
70 10 13766.6
70 11 15564.5
70 12 16525.2
70 13 15492.3
70 14 13705.2
70 15 11348.3
70 16 8637.86
70 17 5855.67

71 8 8760.55
71 9 11470.5
71 10 13851.7
71 11 15622.3
71 12 16583.3
71 13 15550
71 14 13761.5
71 15 11406.7
71 16 8704.71
71 17 5920.09

72 8 8827.97
72 9 11529.6
72 10 13881.3
72 11 15681.4
72 12 16641.1
72 13 15607.4
72 14 13845
72 15 11464.8
72 16 8771.52
72 17 5984.74

73 8 8895.41
73 9 11588.4
73 10 13938.2
73 11 15709.5
73 12 16668.9
73 13 15666.1
73 14 13900.8
73 15 11523.9
73 16 8838.23
73 17 6049.59

74 8 8962.83
74 9 11647.1
74 10 13994.9
74 11 15767.4
74 12 16695.2
74 13 15724
74 14 13957.6
74 15 11582.3
74 16 8904.82
74 17 6114.58

75 8 9030.18
75 9 11705.5
75 10 14051.4
75 11 15795
75 12 16753.3
75 13 15751.7
75 14 14015.1
75 15 11640.5
75 16 8971.24
75 17 6179.7

76 8 9097.43
76 9 11763.6
76 10 14107.9
76 11 15852.5
76 12 16811.2
76 13 15809.2
76 14 14071.4
76 15 11698.6
76 16 9038.96
76 17 6244.9

77 8 9164.53
77 9 11821.4
77 10 14164.1
77 11 15909.6
77 12 16870.4
77 13 15866.5
77 14 14127.7
77 15 11756.3
77 16 9105.8
77 17 6310.14

78 8 9231.43
78 9 11878.8
78 10 14220.1
78 11 15968.5
78 12 16928.6
78 13 15923.4
78 14 14184.2
78 15 11813.8
78 16 9172.53
78 17 6375.39

79 8 9298.11
79 9 11937.4
79 10 14277.2
79 11 15995.9
79 12 16986.5
79 13 15951.6
79 14 14240.6
79 15 11871
79 16 9239.12
79 17 6440.62

80 8 9411.98
80 9 11994.9
80 10 14335.1
80 11 16053.1
80 12 17045.9
80 13 16009.9
80 14 14296.8
80 15 11927.8
80 16 9352.69
80 17 6505.78

81 8 9472.21
81 9 12052.2
81 10 14391.6
81 11 16110
81 12 17104.3
81 13 16067.4
81 14 14325
81 15 11984.2
81 16 9413.03
81 17 6572.2

82 8 9466.94
82 9 12045.5
82 10 14383.6
82 11 16101.1
82 12 17094.7
82 13 16058.4
82 14 14317
82 15 11977.5
82 16 9407.79
82 17 6568.54

83 8 9528.24
83 9 12102.4
83 10 14439.8
83 11 16157.6
83 12 17152.8
83 13 16115.6
83 14 14372.4
83 15 12033.5
83 16 9467.77
83 17 6634.19

84 8 9588.53
84 9 12158.9
84 10 14495.8
84 11 16215.5
84 12 17210.6
84 13 16172.6
84 14 14429.5
84 15 12090.8
84 16 9527.43
84 17 6699.83

85 8 9648.57
85 9 12215
85 10 14551.5
85 11 16273.5
85 12 17270.1
85 13 16229.3
85 14 14485.1
85 15 12171.5
85 16 9586.73
85 17 6765.42

86 8 9708.33
86 9 12295.6
86 10 14606.9
86 11 16330.6
86 12 17328.3
86 13 16285.6
86 14 14540.5
86 15 12227.2
86 16 9645.63
86 17 6830.92

87 8 9767.76
87 9 12375.7
87 10 14661.8
87 11 16387.4
87 12 17387.8
87 13 16341.5
87 14 14595.4
87 15 12283.7
87 16 9705.46
87 17 6896.29

88 8 9826.84
88 9 12430.6
88 10 14718.1
88 11 16443.9
88 12 17446.4
88 13 16399.2
88 14 14650
88 15 12338.8
88 16 9764.33
88 17 6961.5

89 8 9885.53
89 9 12486.6
89 10 14773.1
89 11 16500
89 12 17504.9
89 13 16457.1
89 14 14704.2
89 15 12418.3
89 16 9822.91
89 17 7026.51

90 8 9943.79
90 9 12541.4
90 10 14827.8
90 11 16555.8
90 12 17564.8
90 13 16513.7
90 14 14757.8
90 15 12472.5
90 16 9881.15
90 17 7091.29

91 8 10001.6
91 9 12595.8
91 10 14854.2
91 11 16613.2
91 12 17623.7
91 13 16569.9
91 14 14812.9
91 15 12526.1
91 16 9939.02
91 17 7155.8

92 8 10058.9
92 9 12649.8
92 10 14907.9
92 11 16670.9
92 12 17684.1
92 13 16625.8
92 14 14838.7
92 15 12580.6
92 16 9996.49
92 17 7220

93 8 10117.2
93 9 12703.4
93 10 14961.2
93 11 16727.3
93 12 17743.7
93 13 16683.3
93 14 14891.9
93 15 12634
93 16 10053.5
93 17 7285.25

94 8 10174.3
94 9 12756.4
94 10 15013.9
94 11 16783.5
94 12 17803.2
94 13 16739.5
94 14 14944.7
94 15 12687.1
94 16 10110.1
94 17 7349.52

95 8 10231.1
95 9 12808.9
95 10 15040.2
95 11 16839.2
95 12 17864.7
95 13 16795.4
95 14 14970.6
95 15 12739.8
95 16 10166.1
95 17 7413.54

96 8 10287.4
96 9 12886
96 10 15092.8
96 11 16896.9
96 12 17926.6
96 13 16852.8
96 14 15022.7
96 15 12792
96 16 10221.6
96 17 7477.28

97 8 10343.3
97 9 12938.8
97 10 15145
97 11 16953
97 12 17987.8
97 13 16910.1
97 14 15075.7
97 15 12843.7
97 16 10278
97 17 7540.69

98 8 10398.7
98 9 12990.5
98 10 15197.9
98 11 17010.4
98 12 18050.6
98 13 16966.7
98 14 15127.6
98 15 12894.9
98 16 10333.2
98 17 7603.74

99 8 10453.5
99 9 13041.8
99 10 15249.4
99 11 17066.6
99 12 18112.8
99 13 17023.1
99 14 15179.1
99 15 12970.8
99 16 10387.9
99 17 7666.4

100 8 10507.8
100 9 13092.7
100 10 15300.3
100 11 17124.6
100 12 18177.5
100 13 17079.3
100 14 15230.1
100 15 13020.8
100 16 10442.2
100 17 7728.63

101 8 10561.5
101 9 13143.3
101 10 15352.5
101 11 17181.3
101 12 18242.8
101 13 17138.3
101 14 15280.6
101 15 13072.1
101 16 10496
101 17 7790.39

102 8 10614.6
102 9 13194.7
102 10 15403.2
102 11 17237.8
102 12 18309.5
102 13 17195.5
102 14 15330.5
102 15 13121.8
102 16 10549.3
102 17 7851.67

103 8 10668.5
103 9 13219.1
103 10 15453.4
103 11 17297.4
103 12 18377.5
103 13 17252.6
103 14 15381.3
103 15 13171.6
103 16 10601
103 17 7912.43

104 8 10721.2
104 9 13268.3
104 10 15503.1
104 11 17355.1
104 12 18450.6
104 13 17309.6
104 14 15430.9
104 15 13221.3
104 16 10653.1
104 17 7973.95

105 8 10773.3
105 9 13318.1
105 10 15552.3
105 11 17412.7
105 12 18524.1
105 13 17370.1
105 14 15480
105 15 13270.4
105 16 10704.6
105 17 8034.31

106 8 10824.9
106 9 13366.9
106 10 15600.8
106 11 17471.8
106 12 18597.4
106 13 17428.4
106 14 15530
106 15 13318.8
106 16 10755.5
106 17 8094.2

107 8 10875.9
107 9 13415.2
107 10 15650.8
107 11 17532.2
107 12 18671.6
107 13 17488.3
107 14 15578.4
107 15 13341.1
107 16 10807.1
107 17 8153.59

108 8 10926.3
108 9 13463
108 10 15699
108 11 17591.2
108 12 18746.6
108 13 17549
108 14 15626.2
108 15 13388.2
108 16 10857.4
108 17 8212.45

109 8 10976.1
109 9 13510.3
109 10 15746.7
109 11 17654.2
109 12 18822.1
109 13 17610.5
109 14 15675.2
109 15 13436.3
109 16 10907.1
109 17 8270.74

110 8 11025.2
110 9 13556.9
110 10 15793.9
110 11 17716.8
110 12 18897.9
110 13 17673.2
110 14 15722.7
110 15 13483
110 16 10956.3
110 17 8328.44

111 8 11073.6
111 9 13602.9
111 10 15841.8
111 11 17784.3
111 12 18973.9
111 13 17740.7
111 14 15769.8
111 15 13529
111 16 11004.8
111 17 8385.52

112 8 11121.3
112 9 13648.2
112 10 15889.8
112 11 17849.2
112 12 19050.1
112 13 17805.6
112 14 15816.2
112 15 13574.5
112 16 11052.7
112 17 8441.95

113 8 11169.6
113 9 13694.1
113 10 15936.3
113 11 17914.6
113 12 19126.1
113 13 17871.1
113 14 15862.1
113 15 13619.4
113 16 11100
113 17 8497.7

114 8 11216.6
114 9 13738.7
114 10 15982.3
114 11 17980.3
114 12 19201.9
114 13 17936.9
114 14 15908.9
114 15 13663.5
114 16 11146.6
114 17 8552.75

115 8 11263
115 9 13782.8
115 10 16027.7
115 11 18046.3
115 12 19277.4
115 13 18002.9
115 14 15954.3
115 15 13707
115 16 11192.4
115 17 8607.08

116 8 11308.8
116 9 13826.3
116 10 16072.5
116 11 18112.4
116 12 19352.4
116 13 18069
116 14 15999.2
116 15 13749.8
116 16 11237.6
116 17 8662.13

117 8 11353.8
117 9 13843.2
117 10 16118.3
117 11 18178.3
117 12 19426.9
117 13 18135
117 14 16045
117 15 13793.4
117 16 11283.1
117 17 8715.63

118 8 11398.2
118 9 13885.3
118 10 16162.7
118 11 18244.1
118 12 19500.8
118 13 18200.8
118 14 16089
118 15 13835.5
118 16 11327.3
118 17 8768.46

119 8 11441.8
119 9 13926.6
119 10 16206.4
119 11 18309.6
119 12 19573.9
119 13 18266.4
119 14 16134.2
119 15 13851
119 16 11371
119 17 8820.58

120 8 11484.8
120 9 13967.3
120 10 16249.6
120 11 18374.8
120 12 19646.2
120 13 18331.5
120 14 16177.8
120 15 13891.7
120 16 11437.2
120 17 8914.71

121 8 11526.9
121 9 14007.1
121 10 16293.7
121 11 18439.4
121 12 19717.7
121 13 18396.2
121 14 16220.8
121 15 13931.8
121 16 11479.5
121 17 8961.45

122 8 11614.9
122 9 14048
122 10 16337.9
122 11 18503.4
122 12 19788.1
122 13 18460.3
122 14 16263.2
122 15 13971.1
122 16 11521.1
122 17 9007.45

123 8 11655.6
123 9 14087
123 10 16380.3
123 11 18566.8
123 12 19857.6
123 13 18523.7
123 14 16306.4
123 15 14009.6
123 16 11562
123 17 9052.7

124 8 11697
124 9 14099.3
124 10 16422.1
124 11 18629.5
124 12 19926
124 13 18586.4
124 14 16348.2
124 15 14047.4
124 16 11625.5
124 17 9097.16

125 8 11736.8
125 9 14136.9
125 10 16463.2
125 11 18691.3
125 12 19993.3
125 13 18648.3
125 14 16390.9
125 15 14059.6
125 16 11664.9
125 17 9140.83

126 8 11775.8
126 9 14173.8
126 10 16505.4
126 11 18752.3
126 12 20059.3
126 13 18709.4
126 14 16431.9
126 15 14096.5
126 16 11703.5
126 17 9183.7

127 8 11814.1
127 9 14209.9
127 10 16545.9
127 11 18812.4
127 12 20124.2
127 13 18769.5
127 14 16473.6
127 15 14132.6
127 16 11741.4
127 17 9225.74

128 8 11851.7
128 9 14245.3
128 10 16587.4
128 11 18871.4
128 12 20187.8
128 13 18828.6
128 14 16513.9
128 15 14168.1
128 16 11778.4
128 17 9266.94

129 8 11888.5
129 9 14279.8
129 10 16628.3
129 11 18929.5
129 12 20250.1
129 13 18886.7
129 14 16553.6
129 15 14202.7
129 16 11816.1
129 17 9308.63

130 8 11924.4
130 9 14314.9
130 10 16667.8
130 11 18986.5
130 12 20311.1
130 13 18943.7
130 14 16592.6
130 15 14236.7
130 16 11852.1
130 17 9348.67

131 8 11959.6
131 9 14348.4
131 10 16706.7
131 11 19042.3
131 12 20370.7
131 13 18999.6
131 14 16634.3
131 15 14269.8
131 16 11887.3
131 17 9387.9

132 8 11994
132 9 14381.2
132 10 16746.2
132 11 19097
132 12 20429
132 13 19054.3
132 14 16672.9
132 15 14302.1
132 16 11921.7
132 17 9426.32

133 8 12051.2
133 9 14413.2
133 10 16785.8
133 11 19150.5
133 12 20485.8
133 13 19107.9
133 14 16710.9
133 15 14333.6
133 16 11955.4
133 17 9463.9

134 8 12084
134 9 14444.4
134 10 16823.6
134 11 19202.7
134 12 20541.2
134 13 19160.2
134 14 16751.2
134 15 14365.7
134 16 11988.3
134 17 9500.63

135 8 12115.9
135 9 14474.9
135 10 16863.5
135 11 19253.8
135 12 20595.1
135 13 19211.3
135 14 16788.7
135 15 14396.1
135 16 12020.3
135 17 9536.49

136 8 12124.4
136 9 14504.5
136 10 16900.8
136 11 19303.5
136 12 20647.6
136 13 19261
136 14 16828.5
136 15 14425.8
136 16 12051.5
136 17 9571.48

137 8 12155
137 9 14533.3
137 10 16940.7
137 11 19351.9
137 12 20698.6
137 13 19309.5
137 14 16867.2
137 15 14454.6
137 16 12105.7
137 17 9605.57

138 8 12184.9
138 9 14561.3
138 10 16977.5
138 11 19399
138 12 20748.2
138 13 19356.7
138 14 16904
138 15 14482.7
138 16 12135.3
138 17 9638.76

139 8 12213.9
139 9 14588.4
139 10 17013.6
139 11 19444.8
139 12 20796.2
139 13 19402.5
139 14 16940.1
139 15 14509.9
139 16 12164
139 17 9670.1

140 8 12242.2
140 9 14616.2
140 10 17049
140 11 19489.2
140 12 20842.7
140 13 19447
140 14 16975.5
140 15 14536.4
140 16 12191.9
140 17 9701.5

141 8 12269.5
141 9 14642.1
141 10 17083.6
141 11 19532.3
141 12 20887.7
141 13 19490.1
141 14 17010.1
141 15 14561.9
141 16 12218.9
141 17 9731.96

142 8 12296.1
142 9 14667.2
142 10 17117.3
142 11 19573.9
142 12 20931.2
142 13 19531.8
142 14 17043.8
142 15 14586.7
142 16 12246.2
142 17 9761.48

143 8 12321.8
143 9 14691.5
143 10 17150.1
143 11 19614.2
143 12 20973.1
143 13 19572.1
143 14 17076.7
143 15 14611.9
143 16 12271.8
143 17 9790.04

144 8 12346.6
144 9 14714.9
144 10 17182.1
144 11 19653
144 12 21013.5
144 13 19611
144 14 17108.7
144 15 14636.3
144 16 12296.7
144 17 9817.65

145 8 12370.5
145 9 14737.5
145 10 17213.1
145 11 19690.5
145 12 21052.4
145 13 19648.4
145 14 17139.7
145 15 14658.9
145 16 12320.7
145 17 9844.29

146 8 12393.6
146 9 14759.3
146 10 17243.1
146 11 19726.5
146 12 21089.8
146 13 19684.5
146 14 17169.7
146 15 14680.7
146 16 12343.8
146 17 9871.18

147 8 12415.7
147 9 14780.2
147 10 17272
147 11 19761.1
147 12 21125.6
147 13 19719.1
147 14 17198.7
147 15 14701.7
147 16 12342
147 17 9896.19

148 8 12437
148 9 14800.2
148 10 17300
148 11 19794.2
148 12 21160
148 13 19752.3
148 14 17226.7
148 15 14721.9
148 16 12363.4
148 17 9920.25

149 8 12457.4
149 9 14819.3
149 10 17326.9
149 11 19826
149 12 21192.7
149 13 19784.1
149 14 17253.6
149 15 14741.1
149 16 12383.9
149 17 9943.33

150 8 12476.8
150 9 14837.6
150 10 17352.7
150 11 19856.2
150 12 21224
150 13 19814.4
150 14 17279.4
150 15 14759.6
150 16 12403.5
150 17 9965.44

151 8 12519.5
151 9 14855
151 10 17377.3
151 11 19885.1
151 12 21253.7
151 13 19843.2
151 14 17304.1
151 15 14777.1
151 16 12422.2
151 17 9986.56

152 8 12537.2
152 9 14872.9
152 10 17400.9
152 11 19912.4
152 12 21281.9
152 13 19870.7
152 14 17327.7
152 15 14793.8
152 16 12440
152 17 10006.7

153 8 12555
153 9 14888.9
153 10 17423.3
153 11 19938.4
153 12 21308.6
153 13 19896.6
153 14 17350.1
153 15 14809.6
153 16 12456.9
153 17 10025.8

154 8 12571.1
154 9 14903.9
154 10 17444.5
154 11 19962.9
154 12 21333.8
154 13 19921.1
154 14 17371.4
154 15 14824.5
154 16 12472.9
154 17 10043.9

155 8 12567.7
155 9 14899.9
155 10 17439.8
155 11 19957.5
155 12 21328
155 13 19915.7
155 14 17366.7
155 15 14820.5
155 16 12469.5
155 17 10041.2

156 8 12582.9
156 9 14914.2
156 10 17460
156 11 19980.7
156 12 21351.8
156 13 19939
156 14 17386.9
156 15 14834.6
156 16 12484.7
156 17 10058.4

157 8 12597.3
157 9 14927.6
157 10 17479
157 11 20002.4
157 12 21374.1
157 13 19960.8
157 14 17405.9
157 15 14847.9
157 16 12498.9
157 17 10074.6

158 8 12610.7
158 9 14940.1
158 10 17496.8
158 11 20022.8
158 12 21395
158 13 19981.1
158 14 17423.8
158 15 14860.3
158 16 12512.2
158 17 10089.7

159 8 12623.2
159 9 14951.8
159 10 17513.4
159 11 20041.6
159 12 21414.3
159 13 20000
159 14 17440.4
159 15 14871.8
159 16 12524.6
159 17 10103.8

160 8 12634.7
160 9 14962.5
160 10 17528.8
160 11 20059.1
160 12 21432.1
160 13 20017.5
160 14 17455.8
160 15 14883.7
160 16 12536
160 17 10116.9

161 8 12645.3
161 9 14972.4
161 10 17542.9
161 11 20075.1
161 12 21448.4
161 13 20033.5
161 14 17470
161 15 14893.6
161 16 12546.5
161 17 10129

162 8 12655
162 9 14982.6
162 10 17555.8
162 11 20089.6
162 12 21463.3
162 13 20048.1
162 14 17482.9
162 15 14902.6
162 16 12556.1
162 17 10140

163 8 12663.7
163 9 14990.7
163 10 17567.5
163 11 20102.7
163 12 21476.7
163 13 20061.2
163 14 17494.5
163 15 14910.7
163 16 12564.8
163 17 10150

164 8 12671.5
164 9 14997.8
164 10 17577.9
164 11 20114.4
164 12 21488.5
164 13 20072.9
164 14 17505
164 15 14917.9
164 16 12572.5
164 17 10159

165 8 12678.4
165 9 15004.1
165 10 17587
165 11 20124.6
165 12 21498.9
165 13 20083.2
165 14 17514.1
165 15 14924.2
165 16 12579.2
165 17 10166.9

166 8 12684.3
166 9 15009.5
166 10 17594.9
166 11 20133.4
166 12 21507.9
166 13 20092
166 14 17522
166 15 14929.6
166 16 12585.1
166 17 10173.8

167 8 12689.3
167 9 15013.9
167 10 17601.5
167 11 20140.8
167 12 21515.3
167 13 20099.3
167 14 17528.6
167 15 14934
167 16 12590
167 17 10179.6

168 8 12693.3
168 9 15017.5
168 10 17606.9
168 11 20146.7
168 12 21521.3
168 13 20105.3
168 14 17534
168 15 14937.6
168 16 12593.9
168 17 10184.4

169 8 12696.4
169 9 15020.1
169 10 17610.9
169 11 20151.2
169 12 21525.8
169 13 20109.8
169 14 17538.1
169 15 14940.3
169 16 12596.9
169 17 10188.1

170 8 12698.5
170 9 15021.9
170 10 17613.7
170 11 20154.3
170 12 21528.9
170 13 20112.9
170 14 17540.9
170 15 14942
170 16 12599
170 17 10190.8

171 8 12699.6
171 9 15022.7
171 10 17615.2
171 11 20155.9
171 12 21530.5
171 13 20114.5
171 14 17542.4
171 15 14942.9
171 16 12600.2
171 17 10192.5

172 8 12699.8
172 9 15022.6
172 10 17615.4
172 11 20156.1
172 12 21530.6
172 13 20114.7
172 14 17542.6
172 15 14942.8
172 16 12600.4
172 17 10193

173 8 12699.1
173 9 15021.7
173 10 17614.4
173 11 20154.9
173 12 21529.3
173 13 20113.5
173 14 17541.6
173 15 14941.8
173 16 12600.7
173 17 10192.6

174 8 12697.4
174 9 15019.8
174 10 17612.1
174 11 20152.3
174 12 21526.5
174 13 20110.9
174 14 17539.3
174 15 14939.9
174 16 12598
174 17 10191.1

175 8 12694.8
175 9 15017
175 10 17608.5
175 11 20148.2
175 12 21522.2
175 13 20106.8
175 14 17535.7
175 15 14937.2
175 16 12595.3
175 17 10188.6

176 8 12691.2
176 9 15013.3
176 10 17603.6
176 11 20142.7
176 12 21516.5
176 13 20101.3
176 14 17530.8
176 15 14933.5
176 16 12591.8
176 17 10185

177 8 12686.7
177 9 15008.7
177 10 17597.5
177 11 20135.8
177 12 21509.4
177 13 20094.4
177 14 17524.7
177 15 14928.9
177 16 12587.3
177 17 10180.3

178 8 12681.2
178 9 15003.2
178 10 17590
178 11 20127.5
178 12 21500.8
178 13 20086.1
178 14 17517.3
178 15 14923.4
178 16 12581.9
178 17 10174.7

179 8 12674.8
179 9 14996.8
179 10 17581.4
179 11 20117.7
179 12 21490.7
179 13 20076.3
179 14 17508.6
179 15 14917
179 16 12575.6
179 17 10168

180 8 12667.4
180 9 14989.5
180 10 17571.4
180 11 20106.6
180 12 21479.2
180 13 20065.2
180 14 17498.6
180 15 14909.6
180 16 12568.3
180 17 10160.2

181 8 12659.1
181 9 14981.3
181 10 17560.2
181 11 20094
181 12 21466.2
181 13 20052.6
181 14 17487.4
181 15 14901.4
181 16 12560.1
181 17 10151.4

182 8 12649.8
182 9 14972.2
182 10 17547.8
182 11 20080
182 12 21451.8
182 13 20038.5
182 14 17475
182 15 14892.3
182 16 12551
182 17 10141.6

183 8 12639.7
183 9 14962.2
183 10 17534.1
183 11 20064.5
183 12 21435.9
183 13 20023.1
183 14 17461.3
183 15 14882.4
183 16 12540.9
183 17 10130.8

184 8 12628.6
184 9 14951.3
184 10 17519.2
184 11 20047.7
184 12 21418.5
184 13 20006.2
184 14 17446.4
184 15 14871.5
184 16 12529.9
184 17 10118.9

185 8 12616.6
185 9 14938.3
185 10 17503.1
185 11 20029.4
185 12 21399.7
185 13 19988
185 14 17430.2
185 15 14859.7
185 16 12518
185 17 10106

186 8 12603.6
186 9 14925.7
186 10 17485.7
186 11 20009.7
186 12 21379.4
186 13 19968.3
186 14 17412.9
186 15 14847.1
186 16 12505.2
186 17 10092.1

187 8 12589.8
187 9 14912.2
187 10 17467.1
187 11 19988.6
187 12 21357.6
187 13 19947.1
187 14 17394.3
187 15 14832.5
187 16 12491.5
187 17 10077.1

188 8 12575
188 9 14897.9
188 10 17447.3
188 11 19966.1
188 12 21334.4
188 13 19924.6
188 14 17374.5
188 15 14818.3
188 16 12476.8
188 17 10061.2

189 8 12559.3
189 9 14882.6
189 10 17426.4
189 11 19942.2
189 12 21309.7
189 13 19900.7
189 14 17353.5
189 15 14803.2
189 16 12461.2
189 17 10044.2

190 8 12542.7
190 9 14866.5
190 10 17404.2
190 11 19916.8
190 12 21283.6
190 13 19875.3
190 14 17331.4
190 15 14787.2
190 16 12444.8
190 17 10026.3

191 8 12525.3
191 9 14849.6
191 10 17380.9
191 11 19890.1
191 12 21256
191 13 19848.5
191 14 17308
191 15 14770.4
191 16 12427.4
191 17 10007.3

192 8 12506.9
192 9 14831.8
192 10 17356.5
192 11 19861.9
192 12 21226.9
192 13 19820.3
192 14 17283.6
192 15 14752.8
192 16 12409.1
192 17 9987.36

193 8 12486.7
193 9 14813.1
193 10 17330.9
193 11 19832.4
193 12 21196.3
193 13 19790.7
193 14 17258
193 15 14734.3
193 16 12390
193 17 9966.44

194 8 12466.8
194 9 14792.5
194 10 17304.2
194 11 19801.4
194 12 21164.3
194 13 19759.7
194 14 17231.3
194 15 14714.9
194 16 12369.9
194 17 9944.53

195 8 12422
195 9 14772.4
195 10 17276.4
195 11 19769
195 12 21130.7
195 13 19727.3
195 14 17203.5
195 15 14694.7
195 16 12349
195 17 9921.66

196 8 12400.3
196 9 14751.5
196 10 17247.6
196 11 19735.2
196 12 21095.7
196 13 19693.5
196 14 17174.6
196 15 14673.7
196 16 12327.2
196 17 9897.83

197 8 12377.8
197 9 14729.8
197 10 17217.7
197 11 19700.1
197 12 21059.3
197 13 19658.3
197 14 17144.7
197 15 14651.8
197 16 12304.5
197 17 9873.05

198 8 12354.4
198 9 14707.2
198 10 17186.8
198 11 19663.5
198 12 21021.3
198 13 19621.7
198 14 17113.8
198 15 14629.1
198 16 12281
198 17 9847.32

199 8 12330.2
199 9 14683.7
199 10 17154.8
199 11 19625.6
199 12 20981.9
199 13 19583.8
199 14 17081.8
199 15 14605.6
199 16 12280.6
199 17 9820.67

200 8 12305
200 9 14659.5
200 10 17121.9
200 11 19586.2
200 12 20941
200 13 19544.4
200 14 17048.9
200 15 14581.3
200 16 12255.4
200 17 9792.17

201 8 12279.1
201 9 14634.4
201 10 17088.1
201 11 19545.6
201 12 20898.6
201 13 19503.7
201 14 17015.1
201 15 14556.2
201 16 12229.4
201 17 9763.96

202 8 12252.2
202 9 14608.6
202 10 17053.4
202 11 19503.5
202 12 20854.8
202 13 19461.6
202 14 16980.4
202 15 14529.4
202 16 12202.6
202 17 9734.8

203 8 12224.6
203 9 14581.9
203 10 17017.8
203 11 19460.1
203 12 20809.5
203 13 19418.2
203 14 16944.7
203 15 14501.9
203 16 12175
203 17 9704.73

204 8 12196.1
204 9 14554.5
204 10 16981.3
204 11 19415.4
204 12 20762.7
204 13 19373.4
204 14 16908.3
204 15 14474.8
204 16 12145.8
204 17 9673.73

205 8 12166.9
205 9 14526.3
205 10 16944.1
205 11 19369.4
205 12 20714.5
205 13 19327.3
205 14 16871.1
205 15 14446.9
205 16 12116.9
205 17 9641.82

206 8 12136.8
206 9 14496.2
206 10 16906.2
206 11 19322
206 12 20664.8
206 13 19279.9
206 14 16833.1
206 15 14418.3
206 16 12087.2
206 17 9609.02

207 8 12105.9
207 9 14466.9
207 10 16867.5
207 11 19273.3
207 12 20613.7
207 13 19231.2
207 14 16794.4
207 15 14388.8
207 16 12056.7
207 17 9576.3

208 8 12074.3
208 9 14436.8
208 10 16828.2
208 11 19223.4
208 12 20561.1
208 13 19181.3
208 14 16755.1
208 15 14358.6
208 16 12025.3
208 17 9541.77

209 8 12041.9
209 9 14405.8
209 10 16785.8
209 11 19172.2
209 12 20507.2
209 13 19130
209 14 16714.1
209 15 14327.7
209 16 11969.6
209 17 9506.38

210 8 12031.6
210 9 14374.1
210 10 16746.2
210 11 19119.8
210 12 20451.8
210 13 19077.6
210 14 16671.9
210 15 14295.9
210 16 11936.7
210 17 9470.13

211 8 11998
211 9 14341.7
211 10 16703.9
211 11 19066.1
211 12 20395.1
211 13 19023.9
211 14 16632
211 15 14263.5
211 16 11903
211 17 9433.05

212 8 11963.7
212 9 14308.5
212 10 16663.9
212 11 19011.3
212 12 20336.9
212 13 18969
212 14 16589.5
212 15 14229.5
212 16 11868.5
212 17 9395.13

213 8 11905
213 9 14274.5
213 10 16622
213 11 18955.3
213 12 20277.4
213 13 18913
213 14 16549.2
213 15 14196
213 16 11833.3
213 17 9356.41

214 8 11869.2
214 9 14239.9
214 10 16580.3
214 11 18898.2
214 12 20216.6
214 13 18855.9
214 14 16508.4
214 15 14161.8
214 16 11797.4
214 17 9316.89

215 8 11832.5
215 9 14204.5
215 10 16539.3
215 11 18840.1
215 12 20154.5
215 13 18797.7
215 14 16464.7
215 15 14126.9
215 16 11760.7
215 17 9276.59

216 8 11795.1
216 9 14167.7
216 10 16497.7
216 11 18780.8
216 12 20091.1
216 13 18738.4
216 14 16423.6
216 15 14091.2
216 16 11723.3
216 17 9235.53

217 8 11756.9
217 9 14131.4
217 10 16454.8
217 11 18720.6
217 12 20026.4
217 13 18678.1
217 14 16381.9
217 15 14054.8
217 16 11684.2
217 17 9192.86

218 8 11718.1
218 9 14094.4
218 10 16411.4
218 11 18659.4
218 12 19960.6
218 13 18616.9
218 14 16339.7
218 15 14017.7
218 16 11645.9
218 17 9150.72

219 8 11678.5
219 9 14056.6
219 10 16369
219 11 18597.3
219 12 19893.5
219 13 18554.7
219 14 16296.1
219 15 13980
219 16 11606.8
219 17 9107.77

220 8 11638.2
220 9 14018.2
220 10 16324.9
220 11 18534.3
220 12 19825.3
220 13 18491.7
220 14 16253.3
220 15 13941.5
220 16 11566.9
220 17 9064.05

221 8 11597.2
221 9 13979
221 10 16282
221 11 18470.6
221 12 19756
221 13 18427.9
221 14 16208.8
221 15 13927.6
221 16 11526.3
221 17 9019.56

222 8 11554.7
222 9 13965.1
222 10 16238.5
222 11 18406.1
222 12 19685.7
222 13 18363.4
222 14 16165.2
222 15 13888.3
222 16 11461.9
222 17 8974.32

223 8 11512.9
223 9 13924.6
223 10 16194.4
223 11 18340.9
223 12 19614.4
223 13 18298.2
223 14 16120.4
223 15 13848.4
223 16 11419.9
223 17 8928.35

224 8 11424.3
224 9 13882.4
224 10 16148.6
224 11 18275.2
224 12 19542.1
224 13 18232.4
224 14 16076.4
224 15 13807.7
224 16 11377.3
224 17 8881.65

225 8 11381.1
225 9 13841.2
225 10 16102.9
225 11 18209
225 12 19468.9
225 13 18166.1
225 14 16031.8
225 15 13766.4
225 16 11334
225 17 8834.26

226 8 11337.3
226 9 13799.4
226 10 16058.3
226 11 18142.3
226 12 19395
226 13 18099.4
226 14 15986.7
226 15 13724.4
226 16 11267.1
226 17 8739.96

227 8 11292.7
227 9 13756.8
227 10 16013.1
227 11 18075.3
227 12 19320.3
227 13 18032.4
227 14 15940.1
227 15 13707.5
227 16 11222.5
227 17 8687.32

228 8 11297.3
228 9 13762.4
228 10 16019.6
228 11 18082.7
228 12 19328.2
228 13 18039.7
228 14 15946.6
228 15 13713.1
228 16 11227.1
228 17 8690.86

229 8 11252.2
229 9 13719.2
229 10 15974
229 11 18015.6
229 12 19253
229 13 17972.6
229 14 15901.3
229 15 13669.9
229 16 11182
229 17 8637.59

230 8 11206.4
230 9 13701.1
230 10 15926.9
230 11 17948.4
230 12 19177.2
230 13 17905.3
230 14 15854.3
230 15 13625.3
230 16 11135.8
230 17 8583.69

231 8 11159.9
231 9 13656.7
231 10 15881
231 11 17881.1
231 12 19100.9
231 13 17838.1
231 14 15808.3
231 15 13581.6
231 16 11090
231 17 8528.3

232 8 11112.9
232 9 13611.7
232 10 15834.5
232 11 17814.1
232 12 19024.3
232 13 17771
232 14 15761.8
232 15 13537.2
232 16 11043.5
232 17 8473.65

233 8 11065.3
233 9 13566.1
233 10 15787.4
233 11 17747.2
233 12 18947.4
233 13 17704.1
233 14 15713.9
233 15 13492.1
233 16 10996.3
233 17 8418.33

234 8 11016.4
234 9 13519.5
234 10 15739.9
234 11 17680.9
234 12 18870.4
234 13 17637.7
234 14 15667.1
234 15 13446.5
234 16 10948.5
234 17 8362.34

235 8 10968.2
235 9 13473.4
235 10 15691
235 11 17615
235 12 18793.4
235 13 17571.9
235 14 15619.7
235 15 13400.3
235 16 10900.1
235 17 8305.72

236 8 10919.3
236 9 13426.7
236 10 15642.2
236 11 17546.7
236 12 18716.5
236 13 17503.5
236 14 15571.8
236 15 13353.5
236 16 10851.1
236 17 8248.49

237 8 10869.8
237 9 13379.5
237 10 15594.3
237 11 17483.3
237 12 18639.8
237 13 17440
237 14 15523.5
237 15 13306.3
237 16 10801.5
237 17 8190.68

238 8 10819.7
238 9 13331.7
238 10 15545.8
238 11 17419.5
238 12 18563.6
238 13 17377.8
238 14 15473.7
238 15 13257.5
238 16 10751.4
238 17 8132.31

239 8 10769
239 9 13283.3
239 10 15496.9
239 11 17359.8
239 12 18488
239 13 17316.3
239 14 15425.2
239 15 13209.9
239 16 10700.8
239 17 8073.42

240 8 10717.7
240 9 13234.5
240 10 15446.3
240 11 17298.7
240 12 18413.2
240 13 17255.8
240 14 15376.1
240 15 13186.9
240 16 10649
240 17 8014.03

241 8 10665.9
241 9 13185.3
241 10 15397.2
241 11 17239
241 12 18339.4
241 13 17196.9
241 14 15325.6
241 15 13138
241 16 10597.9
241 17 7954.18

242 8 10613.6
242 9 13135.1
242 10 15347.5
242 11 17180.8
242 12 18265.4
242 13 17135.8
242 14 15276
242 15 13088.6
242 16 10546.2
242 17 7893.9

243 8 10560.8
243 9 13085.5
243 10 15297.3
243 11 17122.6
243 12 18191.9
243 13 17078.4
243 14 15225.9
243 15 13038.6
243 16 10493.9
243 17 7832.5

244 8 10036.3
244 9 12475.8
244 10 14564
244 11 16298.7
244 12 17312
244 13 16258.7
244 14 14495.2
244 15 12406.9
244 16 9974.56
244 17 7423.9

245 8 9985.52
245 9 12426.5
245 10 14515.2
245 11 16244.3
245 12 17248
245 13 16203.6
245 14 14447.2
245 15 12359.2
245 16 9923.64
245 17 7365.54

246 8 9934.21
246 9 12378.1
246 10 14465.1
246 11 16189.8
246 12 17185.2
246 13 16147
246 14 14398.7
246 15 12310.1
246 16 9872.24
246 17 7306.75

247 8 9882.38
247 9 12329.3
247 10 14416.3
247 11 16134.2
247 12 17123.2
247 13 16093.1
247 14 14349.8
247 15 12262.1
247 16 9820.4
247 17 7247.55

248 8 9830.07
248 9 12280.2
248 10 14366.9
248 11 16080.3
248 12 17063.6
248 13 16039
248 14 14300.4
248 15 12189.8
248 16 9768.15
248 17 7187.98

249 8 9777.29
249 9 12230.8
249 10 14316.2
249 11 16025.3
249 12 17003.4
249 13 15984.8
249 14 14250.7
249 15 12140.9
249 16 9715.53
249 17 7128.06

250 8 9724.09
250 9 12180.4
250 10 14266.3
250 11 15971.6
250 12 16944.9
250 13 15929.9
250 14 14200
250 15 12091.5
250 16 9661.9
250 17 7067.83

251 8 9670.48
251 9 12107
251 10 14216.1
251 11 15916.5
251 12 16885.8
251 13 15875
251 14 14150.3
251 15 12041.7
251 16 9609.05
251 17 7007.31

252 8 9616.5
252 9 12057
252 10 14190.7
252 11 15863.3
252 12 16827.1
252 13 15821.7
252 14 14125.3
252 15 11991.5
252 16 9555.74
252 17 6946.56

253 8 9562.19
253 9 12006.5
253 10 14140.4
253 11 15809.7
253 12 16770.3
253 13 15768.1
253 14 14075
253 15 11941
253 16 9501.99
253 17 6885.59

254 8 9506.84
254 9 11955.5
254 10 14089.7
254 11 15756
254 12 16713.5
254 13 15713.3
254 14 14024.3
254 15 11890.1
254 16 9447.83
254 17 6823.73

255 8 9452.43
255 9 11904.2
255 10 14038.5
255 11 15701
255 12 16656
255 13 15660.1
255 14 13999.6
255 15 11838.3
255 16 9393.28
255 17 6762.88

256 8 9397.58
256 9 11852.5
256 10 14013.3
256 11 15646.4
256 12 16599.9
256 13 15606.6
256 14 13947.2
256 15 11787.4
256 16 9338.38
256 17 6701.77

257 8 9342.34
257 9 11800.5
257 10 13961.4
257 11 15593.4
257 12 16543.1
257 13 15552.9
257 14 13896.2
257 15 11735.9
257 16 9283.17
257 17 6640.43

258 8 9286.74
258 9 11747.4
258 10 13909.2
258 11 15540.1
258 12 16487.5
258 13 15497.8
258 14 13844.8
258 15 11660.6
258 16 9227.66
258 17 6578.89

259 8 9230.79
259 9 11695.4
259 10 13855.8
259 11 15486.5
259 12 16431.9
259 13 15443.1
259 14 13793.1
259 15 11608.4
259 16 9171.91
259 17 6517.18

260 8 9174.54
260 9 11619.5
260 10 13803.8
260 11 15432.7
260 12 16375.5
260 13 15390.2
260 14 13741
260 15 11554.9
260 16 9115.29
260 17 6455.34

261 8 9118.02
261 9 11543.4
261 10 13751.4
261 11 15378.7
261 12 16320.4
261 13 15336.8
261 14 13688.6
261 15 11502.2
261 16 9059.57
261 17 6393.4

262 8 9061.25
262 9 11490.3
262 10 13698.7
262 11 15323.8
262 12 16264.2
262 13 15283.3
262 14 13636
262 15 11425.9
262 16 9003.51
262 17 6331.4

263 8 9004.28
263 9 11436.9
263 10 13645.8
263 11 15269.1
263 12 16209.6
263 13 15229.4
263 14 13582.1
263 15 11371.7
263 16 8947.14
263 17 6269.37

264 8 8946.38
264 9 11383.1
264 10 13592.7
264 11 15215.7
264 12 16154.8
264 13 15175.4
264 14 13529.8
264 15 11318.9
264 16 8890.48
264 17 6207.36

265 8 8889.58
265 9 11329.2
265 10 13539.4
265 11 15162.1
265 12 16099.8
265 13 15121.3
265 14 13503.3
265 15 11265.8
265 16 8833.58
265 17 6144.68

266 8 8782.13
266 9 11275
266 10 13485
266 11 15108.2
266 12 16043.9
266 13 15066.4
266 14 13450.4
266 15 11212.2
266 16 8726.42
266 17 6083.21

267 8 8719.29
267 9 11219.8
267 10 13431.2
267 11 15082.6
267 12 15989.4
267 13 15040
267 14 13397.3
267 15 11158.4
267 16 8663.66
267 17 6021.69

268 8 8656.25
268 9 11165.8
268 10 13378.6
268 11 15027.2
268 12 15934.8
268 13 14986.5
268 14 13344.2
268 15 11104.3
268 16 8600.78
268 17 5960.17

269 8 8593.07
269 9 11111.4
269 10 13325.7
269 11 14973.6
269 12 15879.2
269 13 14932.7
269 14 13291.3
269 15 11050
269 16 8537.84
269 17 5898.68

270 8 8529.77
270 9 11056.8
270 10 13272.8
270 11 14919.7
270 12 15824.9
270 13 14878.8
270 14 13238.4
270 15 10995.5
270 16 8474.09
270 17 5837.25

271 8 8466.39
271 9 11002
271 10 13219.7
271 11 14894
271 12 15770.5
271 13 14853.1
271 14 13184.5
271 15 10940.8
271 16 8411.59
271 17 5775.9

272 8 8402.97
272 9 10946.9
272 10 13166.6
272 11 14839.8
272 12 15746.1
272 13 14798.9
272 14 13131.3
272 15 10886
272 16 8348.96
272 17 5714.69

273 8 8339.56
273 9 10891.7
273 10 13113.3
273 11 14813.8
273 12 15720.4
273 13 14744
273 14 13079
273 15 10830.5
273 16 8286.23
273 17 5653.63

274 8 7888.24
274 9 10328.4
274 10 12472.5
274 11 14066.7
274 12 14932
274 13 14001.6
274 14 12391.2
274 15 10270.9
274 16 7837.96
274 17 5330.61

275 8 7827.45
275 9 10275.5
275 10 12396.3
275 11 14015.3
275 12 14880.4
275 13 13950.3
275 14 12341
275 15 10218.7
275 16 7778.09
275 17 5272.83

276 8 7767.59
276 9 10222.6
276 10 12345.9
276 11 13962.9
276 12 14828.7
276 13 13898.8
276 14 12290.7
276 15 10166.4
276 16 7718.22
276 17 5215.3

277 8 7707.7
277 9 10169.1
277 10 12270.8
277 11 13912
277 12 14776
277 13 13847.4
277 14 12240.2
277 15 10113.9
277 16 7658.4
277 17 5157.7

278 8 7647.84
278 9 10116.5
278 10 12220.2
278 11 13860.9
278 12 14724.8
278 13 13796
278 14 12189.7
278 15 10061.3
278 16 7598.67
278 17 5101.03

279 8 7588.03
279 9 10063.8
279 10 12169.4
279 11 13809.7
279 12 14673.4
279 13 13743.7
279 14 12139.1
279 15 10008.7
279 16 7539.06
279 17 5044.58

280 8 7528.3
280 9 10011.1
280 10 12118.5
280 11 13758.5
280 12 14622.1
280 13 13692.9
280 14 12087.6
280 15 9955.99
280 16 7479.6
280 17 4988.36

281 8 7468.7
281 9 9958.23
281 10 12067.5
281 11 13707.5
281 12 14570.7
281 13 13641.4
281 14 12037.5
281 15 9903.33
281 16 7419.68
281 17 4932.41

282 8 7409.26
282 9 9905.36
282 10 12016.6
282 11 13656.8
282 12 14518.1
282 13 13591.4
282 14 11962.9
282 15 9850.72
282 16 7361.05
282 17 4876.76

283 8 7350.01
283 9 9852.48
283 10 11965.6
283 11 13606.4
283 12 14467.5
283 13 13541.5
283 14 11888.3
283 15 9797.61
283 16 7302.53
283 17 4821.44

284 8 7291
284 9 9799.65
284 10 11889.5
284 11 13556
284 12 14417
284 13 13491.6
284 14 11838
284 15 9745.58
284 16 7244.16
284 17 4766.47

285 8 7232.25
285 9 9746.88
285 10 11839.2
285 11 13505
285 12 14366.5
285 13 13441.8
285 14 11787.7
285 15 9693.52
285 16 7185.96
285 17 4711.88

286 8 7173.24
286 9 9694.23
286 10 11788.9
286 11 13428.7
286 12 14316.3
286 13 13392
286 14 11737.4
286 15 9641.48
286 16 7127.98
286 17 4657.72

287 8 7115.49
287 9 9640.87
287 10 11738.6
287 11 13379.2
287 12 14265.2
287 13 13342.3
287 14 11687.1
287 15 9589.47
287 16 7070.24
287 17 4603.99

288 8 7057.96
288 9 9589
288 10 11688.3
288 11 13328.9
288 12 14215.8
288 13 13292.7
288 14 11636.9
288 15 9537.54
288 16 7012.78
288 17 4550.74

289 8 7000.7
289 9 9537.18
289 10 11638
289 11 13279.9
289 12 14166.4
289 13 13243.3
289 14 11586.9
289 15 9485.72
289 16 6955.63
289 17 4497.66

290 8 6943.72
290 9 9485.44
290 10 11587.8
290 11 13230.9
290 12 14117.3
290 13 13194
290 14 11536
290 15 9434.04
290 16 6898.83
290 17 4445.65

291 8 6887.08
291 9 9433.81
291 10 11537.8
291 11 13182
291 12 14068.2
291 13 13144.1
291 14 11486.8
291 15 9382.54
291 16 6842.41
291 17 4394.09

292 8 6830.78
292 9 9382.34
292 10 11486.8
292 11 13133.3
292 12 14019.4
292 13 13095.7
292 14 11437.6
292 15 9331.25
292 16 6786.41
292 17 4342.98

293 8 6774.88
293 9 9331.04
293 10 11437.3
293 11 13084.6
293 12 13970.7
293 13 13047.4
293 14 11388.5
293 15 9280.19
293 16 6730.22
293 17 4292.36

294 8 6719.4
294 9 9279.95
294 10 11388
294 11 13036.2
294 12 13921.1
294 13 12999.3
294 14 11339.6
294 15 9228.64
294 16 6675.49
294 17 4242.25

295 8 6664.37
295 9 9176.43
295 10 11338
295 11 12961.4
295 12 13873.4
295 13 12923.7
295 14 11290.8
295 15 9126.2
295 16 6621.14
295 17 4192.67

296 8 6609.83
296 9 9120.34
296 10 11289.7
296 11 12912.7
296 12 13825.8
296 13 12876.3
296 14 11242.3
296 15 9070.84
296 16 6567.2
296 17 4143.64

297 8 6555.8
297 9 9064.64
297 10 11241.5
297 11 12838.8
297 12 13778.4
297 13 12802.5
297 14 11193.9
297 15 9015.8
297 16 6513.71
297 17 4095.2

298 8 6502.31
298 9 9009.38
298 10 11193.5
298 11 12791.8
298 12 13731.3
298 13 12755.5
298 14 11145.8
298 15 8961.11
298 16 6460.69
298 17 4047.35

299 8 6448.97
299 9 8953.67
299 10 11145.7
299 11 12745
299 12 13684.4
299 13 12708.7
299 14 11098.1
299 15 8906.81
299 16 6408.17
299 17 4000.13

300 8 6396.93
300 9 8899.81
300 10 11098.3
300 11 12698.4
300 12 13608.4
300 13 12662.3
300 14 11050.6
300 15 8852.93
300 16 6356.18
300 17 3953.56

301 8 6400.14
301 9 8904.27
301 10 11103.8
301 11 12704.8
301 12 13615.2
301 13 12668.6
301 14 11056.2
301 15 8857.37
301 16 6359.36
301 17 3955.54

302 8 6348.57
302 9 8850.75
302 10 11056.6
302 11 12658.4
302 12 13540.9
302 13 12622.4
302 14 11008
302 15 8803.88
302 16 6307.88
302 17 3909.59

303 8 6297.54
303 9 8797.67
303 10 11009.6
303 11 12612.3
303 12 13495.3
303 13 12576.5
303 14 10960.4
303 15 8750.88
303 16 6256.98
303 17 3864.57

304 8 6247.09
304 9 8745.08
304 10 10963.1
304 11 12566.6
304 12 13450.1
304 13 12529.9
304 14 10914.6
304 15 8698.4
304 16 6206.69
304 17 0

305 8 5587.68
305 9 7837.95
305 10 9843.1
305 11 11289.7
305 12 12086.6
305 13 11257.2
305 14 9800.13
305 15 7796
305 16 5551.44
305 17 0

306 8 5543.31
306 9 7791.48
306 10 9801.86
306 11 11249.2
306 12 12046.4
306 13 11217.2
306 14 9759.52
306 15 7749.71
306 16 5507.28
306 17 0

307 8 5499.53
307 9 7745.54
307 10 9761.04
307 11 11209.1
307 12 12006.6
307 13 11177.6
307 14 9719.27
307 15 7703.98
307 16 5463.74
307 17 0

308 8 5456.36
308 9 7700.14
308 10 9720.66
308 11 11169.4
308 12 11967.2
308 13 11138.3
308 14 9679.4
308 15 7658.84
308 16 5420.32
308 17 0

309 8 5413.82
309 9 7655.32
309 10 9679.81
309 11 11129.3
309 12 11928.2
309 13 11099.5
309 14 9639.94
309 15 7613.74
309 16 5378.36
309 17 0

310 8 5371.95
310 9 7611.1
310 10 9640.77
310 11 11090.8
310 12 11889.6
310 13 11061
310 14 9600.91
310 15 7570.13
310 16 5337
310 17 0

311 8 5330.75
311 9 7567.52
311 10 9602.17
311 11 11052
311 12 11850.5
311 13 11023
311 14 9562.35
311 15 7527.09
311 16 5296.28
311 17 0

312 8 5290.26
312 9 7524.59
312 10 9564.03
312 11 11014.8
312 12 11813.3
312 13 10985.5
312 14 9524.28
312 15 7484.67
312 16 5256.22
312 17 0

313 8 5250.48
313 9 7482.35
313 10 9526.38
313 11 10978
313 12 11776.5
313 13 10948.4
313 14 9486.72
313 15 7442.88
313 16 5216.83
313 17 0

314 8 5211.45
314 9 7440.82
314 10 9489.25
314 11 10941.7
314 12 11740.2
314 13 10911.9
314 14 9449.71
314 15 7401.75
314 16 5178.13
314 17 0

315 8 5172.68
315 9 7400.03
315 10 9452.67
315 11 10905.9
315 12 11704.4
315 13 10876
315 14 9413.26
315 15 7361.3
315 16 5140.15
315 17 0

316 8 5135.39
316 9 7359.44
316 10 9416.65
316 11 10870.7
316 12 11669.2
316 13 10840.6
316 14 9377.41
316 15 7321.57
316 16 5102.9
316 17 0

317 8 5098.84
317 9 7320.41
317 10 9381.23
317 11 10836
317 12 11634.6
317 13 10805.9
317 14 9342.18
317 15 7282.56
317 16 5066.41
317 17 0

318 8 5063.04
318 9 7282.13
318 10 9346.42
318 11 10801.9
318 12 11600.6
318 13 10771.7
318 14 9307.59
318 15 7244.32
318 16 5030.68
318 17 0

319 8 5028.01
319 9 7244.6
319 10 9312.26
319 11 10768.4
319 12 11567.2
319 13 10738.2
319 14 9272.71
319 15 7206.85
319 16 4995.74
319 17 0

320 8 4993.77
320 9 7207.85
320 10 9278.77
320 11 10735.5
320 12 11533.4
320 13 10705.4
320 14 9239.77
320 15 7170.18
320 16 4961.61
320 17 0

321 8 4960.32
321 9 7171.91
321 10 9196.43
321 11 10703.4
321 12 11501.6
321 13 10672.4
321 14 9158.15
321 15 7134.34
321 16 4928.29
321 17 0

322 8 4927.7
322 9 7136.8
322 10 9160.39
322 11 10671.9
322 12 11470.5
322 13 10640.4
322 14 9122.61
322 15 7099.34
322 16 4895.81
322 17 0

323 8 4895.92
323 9 7102.54
323 10 9125.2
323 11 10641.1
323 12 11440
323 13 10610.1
323 14 9087.87
323 15 7065.21
323 16 4864.17
323 17 0

324 8 4864.98
324 9 7069.14
324 10 9090.89
324 11 10611.1
324 12 11410.3
324 13 10580.6
324 14 9053.98
324 15 7031.96
324 16 4833.4
324 17 0

325 8 4834.91
325 9 7036.63
325 10 9057.48
325 11 10581.8
325 12 11381.3
325 13 10551.7
325 14 9020.95
325 15 6999.61
325 16 4803.51
325 17 0

326 8 4805.72
326 9 7005.03
326 10 9024.99
326 11 10553.3
326 12 11353
326 13 10523.7
326 14 8988.8
326 15 6968.18
326 16 4774.5
326 17 0

327 8 4777.42
327 9 6974.36
327 10 8993.44
327 11 10525.5
327 12 11325.6
327 13 10496.3
327 14 8957.56
327 15 6937.69
327 16 4745.9
327 17 0

328 8 4750.02
328 9 6944.63
328 10 8962.85
328 11 10498.7
328 12 11298.9
328 13 10469.8
328 14 8927.25
328 15 6907.54
328 16 4718.87
328 17 0

329 8 4723.54
329 9 6915.86
329 10 8932.45
329 11 10472.6
329 12 11273
329 13 10444.1
329 14 8897.89
329 15 6879.16
329 16 4692.72
329 17 0

330 8 4697.99
330 9 6888.07
330 10 8904.05
330 11 10447.4
330 12 11248
330 13 10419.2
330 14 8869.49
330 15 6851.72
330 16 4667.48
330 17 0

331 8 4673.37
331 9 6861.27
331 10 8876.62
331 11 10423.1
331 12 11223.9
331 13 10395.1
331 14 8842.09
331 15 6825.25
331 16 4643.15
331 17 0

332 8 4649.7
332 9 6835.48
332 10 8850.2
332 11 10398.6
332 12 11200.6
332 13 10372
332 14 8815.7
332 15 6799.77
332 16 4619.75
332 17 0

333 8 4626.99
333 9 6810.71
333 10 8824.79
333 11 10376.3
333 12 11178.3
333 13 10349.7
333 14 8790.33
333 15 6775.28
333 16 4597.28
333 17 0

334 8 4605.25
334 9 6786.97
334 10 8800.42
334 11 10354.9
334 12 11156.8
334 13 10328.3
334 14 8766
334 15 6751.8
334 16 4575.76
334 17 0

335 8 4584.49
335 9 6764.29
335 10 8777.11
335 11 10334.4
335 12 11136.3
335 13 10307.8
335 14 8742.74
335 15 6729.35
335 16 4555.2
335 17 0

336 8 4564.71
336 9 6742.66
336 10 8754.87
336 11 10314.9
336 12 11116.7
336 13 10288.3
336 14 8720.55
336 15 6707.94
336 16 4535.6
336 17 0

337 8 4545.92
337 9 6722.11
337 10 8733.71
337 11 10296.2
337 12 11098.1
337 13 10269.7
337 14 8699.45
337 15 6687.58
337 16 4516.98
337 17 0

338 8 4528.13
338 9 6702.64
338 10 8713.66
338 11 10278.6
338 12 11080.5
338 13 10252.1
338 14 8679.45
338 15 6668.29
338 16 4499.34
338 17 0

339 8 4510.75
339 9 6684.27
339 10 8694.72
339 11 10262
339 12 11063.8
339 13 10235.5
339 14 8660.58
339 15 6650.07
339 16 4482.69
339 17 0

340 8 4495.08
340 9 6666.99
340 10 8676.92
340 11 10246.3
340 12 11047
340 13 10219.9
340 14 8642.83
340 15 6632.94
340 16 4467.04
340 17 0

341 8 4480.42
341 9 6650.08
341 10 8660.25
341 11 10231.6
341 12 11032.6
341 13 10205.2
341 14 8626.22
341 15 6616.91
341 16 4452.39
341 17 0

342 8 4466.76
342 9 6635.15
342 10 8644.74
342 11 10218
342 12 11019.1
342 13 10191.6
342 14 8610.77
342 15 6601.98
342 16 4438.76
342 17 0

343 8 4454.13
343 9 6621.34
343 10 8630.39
343 11 10205.4
343 12 11006.6
343 13 10179.1
343 14 8596.48
343 15 6588.17
343 16 4426.14
343 17 0

344 8 4442.51
344 9 6608.65
344 10 8617.22
344 11 10193.8
344 12 10995.2
344 13 10167.5
344 14 8583.36
344 15 6575.49
344 16 4414.55
344 17 0

345 8 4431.92
345 9 6597.08
345 10 8605.23
345 11 10183.3
345 12 10984.8
345 13 10157.1
345 14 8571.42
345 15 6563.93
345 16 4403.98
345 17 0

346 8 4422.37
346 9 6586.66
346 10 8594.43
346 11 10173.9
346 12 10975.5
346 13 10147.7
346 14 8560.67
346 15 6553.52
346 16 4394.44
346 17 0

347 8 4413.85
347 9 6577.38
347 10 8584.83
347 11 10165.5
347 12 10967.3
347 13 10139.3
347 14 8551.12
347 15 6544.24
347 16 4385.94
347 17 0

348 8 4406.37
348 9 6569.25
348 10 8576.45
348 11 10158.3
348 12 10960.1
348 13 10132.1
348 14 8542.78
348 15 6536.12
348 16 4378.48
348 17 0

349 8 4399.94
349 9 6562.27
349 10 8569.27
349 11 10152.1
349 12 10954
349 13 10125.9
349 14 8535.64
349 15 6529.15
349 16 4372.06
349 17 0

350 8 4394.56
350 9 6556.46
350 10 8563.31
350 11 10146.9
350 12 10949
350 13 10120.8
350 14 8529.71
350 15 6523.34
350 16 4366.69
350 17 0

351 8 4390.22
351 9 6551.81
351 10 8558.58
351 11 10142.9
351 12 10945.1
351 13 10116.8
351 14 8525
351 15 6518.69
351 16 4362.37
351 17 0

352 8 4386.94
352 9 6548.32
352 10 8555.07
352 11 10140
352 12 10942.3
352 13 10113.9
352 14 8521.51
352 15 6515.21
352 16 4359.09
352 17 0

353 8 4384.71
353 9 6546.01
353 10 8552.8
353 11 10138.2
353 12 10940.5
353 13 10112.1
353 14 8519.25
353 15 6512.9
353 16 4356.87
353 17 0

354 8 4383.54
354 9 6544.86
354 10 8551.75
354 11 10137.5
354 12 10939.9
354 13 10111.4
354 14 8518.21
354 15 6511.76
354 16 4355.7
354 17 0

355 8 4383.43
355 9 6544.9
355 10 8551.94
355 11 10137.9
355 12 10940.4
355 13 10111.8
355 14 8518.4
355 15 6511.79
355 16 4355.58
355 17 0

356 8 4384.37
356 9 6546.1
356 10 8553.36
356 11 10139.4
356 12 10942
356 13 10113.3
356 14 8519.82
356 15 6512.99
356 16 4356.52
356 17 0

357 8 4386.37
357 9 6548.48
357 10 8556.02
357 11 10142
357 12 10944.7
357 13 10115.9
357 14 8522.46
357 15 6515.36
357 16 4358.51
357 17 0

358 8 4389.42
358 9 6552.02
358 10 8559.91
358 11 10145.7
358 12 10948.4
358 13 10119.6
358 14 8526.33
358 15 6518.9
358 16 4361.56
358 17 0

359 8 4393.53
359 9 6556.74
359 10 8565.03
359 11 10150.6
359 12 10953.3
359 13 10124.4
359 14 8531.43
359 15 6523.61
359 16 4365.65
359 17 0

360 8 4398.7
360 9 6562.63
360 10 8571.38
360 11 10156.5
360 12 10959.3
360 13 10130.3
360 14 8537.74
360 15 6529.49
360 16 4370.8
360 17 0

361 8 4404.91
361 9 6569.69
361 10 8578.95
361 11 10163.5
361 12 10966.4
361 13 10137.3
361 14 8545.28
361 15 6536.53
361 16 4377
361 17 0

362 8 4412.18
362 9 6577.9
362 10 8587.74
362 11 10171.6
362 12 10974.5
362 13 10145.4
362 14 8554.03
362 15 6544.73
362 16 4384.25
362 17 0

363 8 4420.49
363 9 6587.28
363 10 8597.75
363 11 10180.8
363 12 10983.8
363 13 10154.6
363 14 8563.99
363 15 6554.09
363 16 4392.54
363 17 0

364 8 4429.85
364 9 6597.8
364 10 8608.97
364 11 10191.1
364 12 10994.1
364 13 10164.8
364 14 8575.16
364 15 6564.6
364 16 4401.88
364 17 0

365 8 4440.25
365 9 6609.47
365 10 8621.39
365 11 10202.5
365 12 11005.5
365 13 10176.1
365 14 8587.52
365 15 6576.26
365 16 4412.25
365 17 0

